386.700012
364.053345
338.364441
274.648895
275.742218
270.959991
272.951111
294.702209
268.862213
267.555542
208.897781
230.426666
223.315552
223.937775
260.684448
238.240005
227.679993
225.182220
222.800003
157.822220
159.902222
159.306671
171.448883
143.600006
136.524445
137.244446
139.164444
126.275558
109.919998
113.982224
132.364441
123.004448
115.484444
33.697777
34.711113
33.626667
35.644444
33.528889
36.737778
34.160000
38.604443
31.404444
32.320000
29.822222
35.884445
30.764444
34.799999
34.408890
33.866665
35.102222
33.866665
28.808889
28.035555
33.555557
27.315556
23.875555
34.880001
30.177778
30.195555
29.191111
32.231110
29.377777
31.120001
27.520000
40.408890
31.680000
31.644444
31.768888
27.964445
26.755556
25.466667
32.924446
27.022223
31.964445
33.768890
29.120001
34.248890
36.959999
32.968887
30.711111
33.822224
31.955555
22.177778
25.564444
27.617777
29.093334
20.284445
25.448889
28.160000
22.675556
27.493334
25.155556
28.204445
30.888889
27.377777
27.982222
33.342224
26.231112
28.337778
24.160000
19.368889
26.186666
18.088888
20.799999
27.208889
27.831112
26.373333
19.288889
24.791111
38.062222
26.506666
31.493334
22.986666
24.799999
19.964445
27.528889
26.844444
26.702223
29.600000
35.555557
30.968889
31.804445
31.582222
24.551111
28.719999
26.791111
31.484444
25.431110
25.768888
28.071112
31.048889
30.346666
28.008888
31.386667
35.297779
30.648890
27.857779
29.884445
24.631111
32.826668
29.217777
25.768888
24.817778
40.586666
29.164444
32.346668
34.533333
30.346666
32.337776
30.693333
29.182222
32.853333
29.955555
33.475555
32.835556
34.817780
34.311111
36.417778
38.915554
31.813334
30.488890
32.693333
31.031111
31.653334
35.119999
32.595554
33.688889
32.711113
30.773333
29.191111
30.826666
35.537777
37.777779
32.577778
32.915554
31.635555
28.542223
30.275555
24.222221
34.160000
32.026669
30.542223
32.595554
30.844444
30.035555
35.502224
28.008888
30.586666
33.973331
30.533333
41.688889
38.417778
29.715555
35.973331
31.440001
32.560001
40.355556
33.031113
38.631111
36.275555
31.386667
28.746666
28.693333
29.822222
30.853333
38.026669
29.324444
30.000000
30.373333
29.182222
24.400000
28.151112
31.084444
32.799999
29.706667
31.564444
33.128887
31.280001
28.639999
31.386667
31.040001
27.982222
26.008888
29.262222
26.053333
29.893333
28.551111
29.644444
31.671112
28.844444
30.702223
35.697777
26.035555
30.551111
26.835556
37.848888
25.244444
24.817778
22.871111
34.613335
28.595556
33.457779
27.724445
28.248888
28.871111
31.146667
28.977777
30.853333
29.626667
32.400002
26.000000
