386.700012
345.111115
340.257782
349.111115
299.386658
263.324432
264.551117
264.053345
249.351105
249.768890
254.639999
203.848892
210.008896
210.506668
289.368896
322.035553
317.973328
178.853333
180.426666
114.524445
114.364441
112.879997
115.742226
116.355553
120.035553
111.635559
127.848892
113.137779
33.822224
30.142221
30.639999
27.626667
24.657778
25.573334
24.942223
30.826666
24.302221
29.200001
26.622223
21.173334
14.888889
20.204445
22.044445
15.760000
23.057777
20.053333
23.493334
29.671112
24.862223
24.924444
21.066668
20.559999
20.453333
19.324444
20.364445
20.124445
20.035555
20.924444
16.888889
17.537777
20.284445
18.257778
19.146667
17.146667
17.600000
26.648890
25.946667
24.391111
22.266666
23.120001
17.368889
22.497778
18.080000
27.102222
19.440001
18.595556
20.791111
15.066667
16.088888
19.297777
20.231112
14.613334
12.906667
16.311111
14.666667
15.208889
14.275556
14.222222
15.280000
16.417778
19.040001
20.675556
17.724445
18.266666
20.488890
27.324444
18.408890
27.217777
22.382223
28.480000
29.484444
34.222221
30.782223
24.124445
21.813334
20.639999
22.808889
25.235556
19.991112
21.235556
18.684444
14.000000
16.400000
19.377777
26.862223
19.680000
26.044445
28.844444
23.217777
20.062222
21.831112
27.066668
26.417778
22.933332
19.377777
17.297777
19.200001
19.768888
26.382223
35.635555
32.133335
33.662224
28.240000
28.053333
30.204445
25.155556
30.275555
28.124445
27.768888
31.777779
25.555555
39.911110
23.591110
30.906666
34.986668
32.728889
35.013332
36.799999
33.511112
26.853333
28.728889
29.911112
27.733334
32.595554
27.706667
31.822222
35.075554
29.973333
24.142221
26.035555
28.284445
35.813332
33.324444
35.182220
30.675556
31.920000
21.928888
24.391111
28.000000
31.360001
22.968889
29.937778
28.124445
25.386667
30.408890
32.728889
27.013334
38.097778
28.115555
28.382223
31.128889
23.751112
26.764444
27.715555
25.484444
26.400000
23.137777
26.222221
22.364445
27.022223
26.551111
25.528889
22.115555
25.297777
22.497778
22.693333
22.000000
23.626667
26.017778
29.777779
33.448891
34.764446
34.355556
34.915554
33.528889
36.142223
36.248890
36.062222
39.697777
37.777779
45.368889
38.435555
47.288887
37.911110
38.204445
40.959999
41.431110
36.231110
37.688889
45.093334
38.462223
39.653332
45.866665
39.937778
40.968887
43.422222
40.364445
44.560001
37.155556
44.382221
34.480000
36.959999
43.822224
38.711113
43.653332
40.142223
34.933334
43.786667
42.266666
36.604443
36.400002
34.231110
35.431110
36.782223
32.542221
32.035557
38.853333
35.528889
30.559999
33.742222
33.804443
