386.700012
363.875549
338.328888
337.093323
310.817780
274.088898
265.742218
303.911102
304.880005
314.337769
308.168884
335.884430
260.995544
258.942230
298.435547
268.142212
285.582214
112.533333
132.142227
114.222221
120.302223
36.062222
35.928890
35.377777
35.582222
38.844444
35.715557
34.888889
36.133335
34.177776
32.186668
36.746666
36.924446
31.217777
36.160000
42.568890
44.240002
46.639999
46.862221
42.488888
48.346668
47.573334
52.035557
47.306667
49.582222
53.564445
54.631111
57.724445
55.226665
69.875557
63.155556
64.053337
71.884445
66.257774
60.231110
60.195557
64.177780
64.133331
60.088890
61.333332
62.728889
63.031113
61.475555
61.119999
60.639999
57.831112
60.382221
66.311111
58.213333
66.275558
59.386665
70.320000
60.764446
69.857780
61.102222
59.831112
63.377777
53.279999
57.866665
57.191113
54.648888
68.577774
55.137779
55.164444
51.768890
52.346668
55.768890
54.160000
56.888889
43.591110
41.377777
43.422222
46.355556
46.924446
43.591110
40.284443
45.502224
38.408890
39.804443
41.759998
38.408890
47.351112
41.191113
40.968887
42.648888
39.164444
42.551109
45.351112
45.315556
45.697777
41.617779
49.964443
57.742222
42.142223
37.431110
38.888889
42.755554
38.737778
44.204445
40.524445
44.106667
42.888889
41.875557
40.959999
39.680000
39.528889
36.951111
39.226665
37.617779
41.244446
35.422222
29.724445
33.253334
33.075554
31.617777
34.639999
30.008888
31.991112
27.315556
26.275555
24.879999
27.955555
24.168888
24.524445
28.533333
31.057777
34.480000
25.146667
34.000000
28.275555
36.017776
33.599998
26.071112
25.502222
27.368889
37.840000
28.133333
30.595556
25.244444
25.991112
37.599998
31.831112
35.786667
29.724445
33.946667
35.128887
28.391111
27.546667
26.924444
28.879999
28.559999
23.840000
26.577778
31.191111
32.577778
28.755556
36.986668
37.715557
33.360001
37.404446
39.768890
33.866665
42.044445
34.204445
38.542221
35.520000
35.111111
33.813332
36.417778
40.506668
34.497776
39.768890
34.044445
36.053333
31.733334
32.826668
32.346668
48.871113
28.213333
30.000000
37.857777
35.751110
30.062222
26.915556
34.639999
33.555557
31.653334
29.564444
32.604443
28.933332
30.808889
27.440001
24.426666
29.288889
33.182220
30.826666
32.453335
35.644444
42.906666
25.342222
32.284443
29.413334
36.915554
34.524445
35.173332
35.955555
36.195557
33.733334
29.964445
31.022223
28.444445
33.040001
39.706665
32.328888
37.342224
36.488888
41.262222
29.422222
32.444443
34.560001
37.164444
29.964445
33.466667
39.688889
31.048889
34.915554
31.662222
30.782223
35.759998
34.462223
28.897778
