   0.79896738
   0.76599256
   0.76386007
   0.76082838
   0.75048357
   0.73789453
   0.73758069
   0.72887398
   0.72429695
   0.71958859
   0.71353242
   0.70878616
   0.70660040
   0.69900268
   0.69743391
   0.69544933
   0.69427929
   0.68594421
   0.68330748
   0.67920204
   0.67881085
   0.67708145
   0.67298688
   0.67278052
   0.67146361
   0.66173989
   0.66173965
   0.66139214
   0.65989541
   0.65968654
   0.65968637
   0.65957669
   0.65885078
   0.65885078
   0.65862820
   0.65858563
   0.65849932
   0.65754478
   0.65705332
   0.65522904
   0.64730275
   0.64614481
   0.63974160
   0.63833723
   0.63833723
   0.63723868
   0.63367305
   0.63342005
   0.63342005
   0.63110708
   0.62667761
   0.62245589
   0.62081989
   0.62016997
   0.62013832
   0.61965449
   0.61944805
   0.61784849
   0.61741475
   0.61487295
   0.61433121
   0.61361896
   0.61180305
   0.61140576
   0.61140576
   0.60633926
   0.60629881
   0.60073385
   0.60073385
   0.59878661
   0.59240791
   0.59184152
   0.58641242
   0.58211796
   0.58211796
   0.58110804
   0.57982440
   0.57848492
   0.57733997
   0.57733997
   0.57559612
   0.57432382
   0.57409188
   0.57409188
   0.57348738
   0.56779927
   0.56710830
   0.56671849
   0.56389449
   0.55994839
   0.55941650
   0.55580602
   0.55527590
   0.55489836
   0.55313402
   0.55206008
   0.55206008
   0.54819643
   0.54819643
   0.54435614
   0.00010001
   0.00010001
   0.00010001
   0.00010001
   0.13512585
   0.00010001
   0.00010001
   0.00010001
   0.00010001
   0.00010001
   0.00010001
   0.00010001
   0.00010001
   0.00010001
   0.00010001
   0.00010001
   0.00010001
   0.39509535
   0.00010001
   0.00010001
   0.23777595
   0.00010001
   0.00010001
   0.00010001
   0.11621529
   0.00010001
   0.00010001
   0.00010001
   0.00010001
   0.00010001
   0.00010001
   0.00010001
   0.00010001
   0.00010001
   0.00010001
   0.00010001
   0.00010001
   0.00010001
   0.00010001
   0.00010001
   0.00010001
   0.00010001
   0.00010001
   0.00010001
   0.00010001
   0.00010001
   0.00010001
   0.00010001
   0.00010001
   0.00010001
   0.00010001
   0.00010001
   0.00010001
   0.00010001
   0.00010001
   0.00010001
   0.00010001
   0.00010001
   0.00010001
   0.00010001
   0.00010001
   0.00010001
   0.00010001
   0.00010001
   0.00010001
   0.00010001
   0.00010001
   0.00010001
   0.00010001
   0.00010001
   0.00010001
   0.00010001
   0.00010001
   0.00010001
   0.00010001
   0.00010001
   0.00010001
   0.00010001
   0.00010001
   0.00010001
   0.00010001
   0.00010001
   0.00010001
   0.00010001
   0.00010001
   0.00010001
   0.00010001
   0.00010001
   0.00010001
   0.00010001
   0.00010001
   0.19902671
   0.19902671
   0.12657198
   0.00010001
   0.00010001
   0.00010001
   0.00010001
   0.00010001
   0.11504763
