   0.90245055
   0.90245055
   0.86039541
   0.85048703
   0.85048703
   0.84979792
   0.83471683
   0.83471683
   0.82482468
   0.82482468
   0.81924614
   0.81924614
   0.80743734
   0.80743734
   0.80743734
   0.76522941
   0.76522941
   0.75790843
   0.75790843
   0.72122226
   0.69441670
   0.69428668
   0.65885071
   0.63717414
   0.62513613
   0.62513613
   0.61994917
   0.61675882
   0.59819262
   0.59819262
   0.59364030
   0.58277660
   0.57472298
   0.56023965
   0.54228280
   0.54228280
   0.53629656
   0.53535724
   0.53535724
   0.52527138
   0.51126836
   0.50846148
   0.50846148
   0.49696021
   0.49696021
   0.49086628
   0.48444954
   0.48045708
   0.48045708
   0.45899646
   0.45899646
   0.45708875
   0.45379811
   0.44743196
   0.44733707
   0.44733707
   0.44372182
   0.43600419
   0.43600419
   0.43600419
   0.43600419
   0.43600419
   0.43600419
   0.43600419
   0.43600419
   0.43600419
   0.43600419
   0.43600419
   0.43600419
   0.43600419
   0.43600419
   0.43600419
   0.43600419
   0.43600419
   0.43600419
   0.43600419
   0.43600419
   0.43600419
   0.43600419
   0.43600419
   0.43600419
   0.43600419
   0.43075984
   0.42526136
   0.42130611
   0.42130611
   0.41345334
   0.41345334
   0.41092507
   0.40672600
   0.40509659
   0.40509659
   0.40274608
   0.40099405
   0.40099405
   0.39457983
   0.39457983
   0.39269709
   0.39137572
   0.39136657
   0.00010001
   0.00010001
   0.00010001
   0.00010001
   0.00010001
   0.00010001
   0.00010001
   0.00010001
   0.00010001
   0.00010001
   0.00010001
   0.00010001
   0.00010001
   0.00010001
   0.00010001
   0.00010001
   0.00010001
   0.00010001
   0.00010001
   0.00010001
   0.07743775
   0.00010001
   0.00010001
   0.00010001
   0.00010001
   0.19092479
   0.00010001
   0.00010001
   0.00010001
   0.00010001
   0.00010001
   0.00010001
   0.00010001
   0.00010001
   0.00010001
   0.00010001
   0.00010001
   0.00010001
   0.00010001
   0.00010001
   0.00010001
   0.00010001
   0.09987339
   0.00010001
   0.00010001
   0.00010001
   0.00010001
   0.00010001
   0.00010001
   0.00010001
   0.00010001
   0.00010001
   0.00010001
   0.00010001
   0.00010001
   0.00010001
   0.00010001
   0.19334240
   0.00010001
   0.00010001
   0.00010001
   0.00010001
   0.00010001
   0.00010001
   0.00010001
   0.00010001
   0.00010001
   0.00010001
   0.00010001
   0.00010001
   0.13249465
   0.13249465
   0.00010001
   0.00010001
   0.00010001
   0.00010001
   0.00010001
   0.00010001
   0.00010001
   0.00010001
   0.00010001
   0.00010001
   0.00010001
   0.00010001
   0.00010001
   0.00010001
   0.00010001
   0.00010001
   0.00010001
   0.00010001
   0.00010001
   0.00010001
   0.00010001
   0.00010001
   0.00010001
   0.00010001
   0.00010001
   0.00010001
   0.00010001
   0.00010001
