0.768
0.768
0.77
0.77
0.768
0.768
0.769
0.768
0.769
0.767
0.765
0.764
0.764
0.765
0.767
0.768
0.77
0.772
0.772
0.772
0.77
0.764
0.765
0.767
0.766
0.765
0.765
0.764
0.765
0.756
0.757
0.757
0.755
0.756
0.756
0.759
0.767
0.766
0.767
0.766
0.766
0.767
0.766
0.766
0.766
0.766
0.766
0.766
0.763
0.765
0.763
0.767
0.767
0.764
0.76
0.76
0.761
0.764
0.768
0.77
0.77
0.768
0.768
0.768
0.768
0.769
0.768
0.766
0.768
0.766
0.766
0.767
0.766
0.766
0.769
0.771
0.769
0.77
0.765
0.762
0.764
0.764
0.763
0.764
0.759
0.76
0.76
0.76
0.763
0.762
0.757
0.758
0.757
0.758
0.76
0.758
0.759
0.766
0.767
0.768
0.768
0.769
0.769
0.769
0.766
0.766
0.766
0.768
0.768
0.766
0.767
0.767
0.764
0.766
0.764
0.765
0.764
0.764
0.763
0.764
0.765
0.763
0.763
0.763
0.762
0.764
0.763
0.764
0.763
0.765
0.764
0.763
0.763
0.765
0.765
0.764
0.765
0.765
0.764
0.765
0.764
0.765
0.762
0.757
0.757
0.756
0.757
0.757
0.755
0.755
0.764
0.766
0.763
0.763
0.762
0.763
0.762
0.761
0.762
0.762
0.763
0.763
0.765
0.764
0.765
0.766
0.766
0.765
0.768
0.769
0.769
0.769
0.768
0.77
0.768
0.767
0.765
0.765
0.766
0.765
0.766
0.765
0.763
0.765
0.765
0.766
0.765
0.764
0.764
0.763
0.762
0.765
0.764
0.767
0.765
0.765
0.766
0.767
0.766
0.758
0.758
0.759
0.757
0.759
0.76
0.759
0.767
0.766
0.765
0.767
0.767
0.769
0.768
0.767
0.768
0.766
0.766
0.766
0.768
0.77
0.767
0.767
0.768
0.767
0.767
0.766
0.766
0.764
0.766
0.765
0.766
0.766
0.766
0.766
0.766
0.766
0.764
0.765
0.766
0.766
0.766
0.767
0.769
0.771
0.771
0.768
0.767
0.768
0.769
0.769
0.769
0.769
0.768
0.763
0.759
0.759
0.758
0.758
0.759
0.759
0.766
0.766
0.764
0.766
0.765
0.765
0.764
0.765
0.765
0.766
0.767
0.767
0.765
0.765
0.763
0.765
0.764
0.766
0.763
0.763
0.765
0.764
0.765
0.762
0.763
0.763
0.764
0.764
0.764
0.765
0.766
0.762
0.765
0.766
0.766
0.765
0.767
0.763
0.765
0.764
0.765
0.765
0.766
0.765
0.764
0.766
0.755
0.758
0.759
0.757
0.759
0.757
0.758
0.766
0.764
0.768
0.765
0.765
0.765
0.766
0.767
0.765
0.763
0.763
0.766
0.766
0.766
0.767
0.766
0.765
0.765
0.761
0.763
0.766
0.765
0.765
0.765
0.767
0.765
0.765
0.763
0.76
0.759
0.761
0.763
0.758
0.759
0.759
0.759
0.758
0.759
0.756
0.761
0.762
0.751
0.755
0.756
0.756
0.752
0.761
0.762
0.758
0.761
0.761
0.762
0.764
0.759
0.755
0.758
0.754
0.758
0.756
0.752
0.759
0.761
0.76
0.76
0.758
0.758
0.756
0.757
0.758
0.76
0.758
0.761
0.754
0.761
0.761
0.76
0.761
0.763
0.762
0.757
0.76
0.756
0.762
0.761
0.76
0.761
0.763
0.761
0.76
0.765
0.765
0.766
0.759
0.763
0.764
0.765
0.764
0.762
0.761
0.762
0.763
0.764
0.764
0.763
0.76
0.763
0.763
0.764
0.764
0.758
0.756
0.757
0.756
0.756
0.757
0.759
0.762
0.764
0.765
0.764
0.763
0.763
0.763
0.759
0.763
0.761
0.762
0.763
0.763
0.76
0.762
0.762
0.763
0.762
0.764
0.761
0.761
0.762
0.767
0.766
0.764
0.77
0.767
0.769
0.768
0.767
0.764
0.762
0.762
0.762
0.759
0.762
0.761
0.76
0.761
0.752
0.758
0.756
0.757
0.758
0.757
0.76
0.759
0.757
0.762
0.761
0.76
0.761
0.759
0.763
0.765
0.765
0.759
0.762
0.762
0.763
0.766
0.76
0.763
0.761
0.756
0.754
0.752
0.752
0.753
0.751
0.752
0.751
0.761
0.76
0.76
0.758
0.762
0.76
0.76
0.761
0.76
0.76
0.76
0.76
0.761
0.759
0.757
0.759
0.758
0.758
0.756
0.76
0.759
0.759
0.758
0.759
0.759
0.761
0.769
0.768
0.77
0.768
0.77
0.769
0.771
0.771
0.771
0.77
0.772
0.771
0.77
0.772
0.772
0.772
0.774
0.774
0.775
0.781
0.782
0.784
0.782
0.784
0.788
0.785
0.785
0.782
0.785
0.78
0.777
0.781
0.78
0.782
0.784
0.78
0.777
0.778
0.776
0.778
0.778
0.778
0.78
0.786
0.788
0.787
0.787
0.787
0.787
0.785
0.78
0.781
0.785
0.781
0.781
0.782
0.782
0.783
0.788
0.788
0.787
0.783
0.787
0.787
0.786
0.786
0.788
0.788
0.786
0.784
0.784
0.789
0.787
0.785
0.785
0.785
0.789
0.788
0.79
0.79
0.791
0.792
0.793
0.796
0.795
0.797
0.794
0.788
0.786
0.786
0.785
0.788
0.786
0.786
0.791
0.792
0.797
0.797
0.796
0.795
0.797
0.791
0.794
0.793
0.794
0.797
0.785
0.792
0.792
0.784
0.779
0.779
0.778
0.779
0.782
0.788
0.798
0.798
0.797
0.795
0.798
0.798
0.797
0.796
0.795
0.789
0.799
0.795
0.794
0.797
0.794
0.794
0.8
0.797
0.797
0.803
0.801
0.799
0.798
0.8
0.8
0.8
0.801
0.802
0.802
0.798
0.799
0.802
0.763
0.759
0.76
0.758
0.758
0.757
0.763
0.76
0.761
0.766
0.766
0.769
0.761
0.766
0.765
0.764
0.765
0.764
0.767
0.768
0.767
0.762
0.761
0.766
0.761
0.762
0.765
0.75
0.747
0.748
0.747
0.752
0.756
0.755
0.761
0.76
0.763
0.764
0.764
0.763
0.764
0.763
0.759
0.757
0.756
0.756
0.75
0.755
0.759
0.758
0.761
0.759
0.759
0.759
0.747
0.755
0.753
0.754
0.756
0.754
0.754
0.755
0.757
0.756
0.757
0.756
0.758
0.756
0.759
0.759
0.759
0.758
0.758
0.758
0.757
0.756
0.755
0.755
0.757
0.758
0.758
0.755
0.755
0.756
0.754
0.758
0.754
0.755
0.755
0.756
0.756
0.75
0.745
0.747
0.745
0.746
0.751
0.748
0.75
0.747
0.746
0.745
0.744
0.744
0.744
0.743
0.745
0.753
0.752
0.75
0.749
0.745
0.748
0.743
0.74
0.743
0.744
0.778
0.773
0.774
0.778
0.781
0.782
0.78
0.774
0.78
0.78
0.781
0.79
0.794
0.789
0.792
0.795
0.793
0.794
0.794
0.794
0.793
0.794
0.794
0.795
0.793
0.793
0.792
0.795
0.793
0.793
0.791
0.795
0.795
0.795
0.796
0.796
0.798
0.797
0.794
0.791
0.792
0.792
0.795
0.79
0.789
0.79
0.79
0.791
0.79
0.783
0.787
0.791
0.793
0.794
0.782
0.789
0.781
0.781
0.781
0.781
0.781
0.781
0.778
0.785
0.79
0.785
0.787
0.789
0.787
0.79
0.793
0.793
0.791
0.791
0.792
0.793
0.793
0.79
0.791
0.788
0.79
0.786
0.785
0.788
0.782
0.783
0.787
0.784
0.785
0.786
0.789
0.788
0.789
0.789
0.786
0.787
0.787
0.788
0.788
0.789
0.787
0.789
0.786
0.786
0.784
0.783
0.782
0.777
0.779
0.776
0.775
0.777
0.78
0.773
0.775
0.78
0.774
0.778
0.778
0.776
0.779
0.777
0.778
0.77
0.772
0.769
0.888
0.889
0.891
0.893
0.892
0.891
0.89
0.886
0.897
0.898
0.895
0.896
0.896
0.894
0.9
0.897
6.622
3.527
3.546
4.678
2.329
3.586
3.664
3.546
3.65
2.943
2.972
2.999
2.986
3.067
2.934
2.563
1.828
2.185
1.899
1.866
1.729
1.673
1.706
1.747
1.782
1.817
1.773
1.784
3.763
3.304
3.377
3.113
2.953
1.87
1.776
1.746
1.731
1.035
1.039
0.873
0.868
0.872
0.866
0.869
0.857
0.857
0.857
0.865
2.71
3.357
1.766
3.582
2.388
4.03
5.14
3.417
2.908
2.837
2.859
2.91
2.947
2.859
2.835
1.852
3.278
2.633
1.844
1.888
1.679
1.608
1.662
1.761
1.751
1.716
1.708
1.705
1.726
3.359
3.1
2.848
2.308
1.787
1.675
1.679
1.683
0.987
1.001
0.838
0.845
0.839
4.16
13.603
2.783
5.565
2.773
3.557
3.671
3.479
3.948
2.828
2.834
2.964
2.864
2.876
2.797
2.729
1.767
2.135
1.815
1.806
1.668
1.603
1.716
1.715
1.677
1.718
1.706
1.704
2.4
2.837
3.401
3.216
2.804
1.805
1.719
1.695
1.696
1.009
1.007
0.845
0.847
0.859
0.852
0.847
0.854
2.572
13.888
2.209
3.131
2.875
4.262
3.922
3.489
3.811
2.83
2.878
3.225
2.86
2.863
2.805
2.842
1.759
2.486
1.82
1.807
1.675
1.604
2.15
1.68
1.659
1.701
1.678
1.705
1.71
3.041
3.09
3.094
2.781
1.78
1.855
1.694
1.683
1.004
0.995
0.841
0.842
0.83
0.837
0.842
0.84
0.839
0.841
0.837
0.842
0.84
0.841
0.843
0.84
0.845
0.845
0.849
0.844
4.324
2.877
1.022
1.002
2.987
3.449
2.062
3.687
3.613
3.414
3.159
2.764
2.781
2.891
2.913
2.833
2.793
2.173
1.799
2.149
1.845
1.832
1.784
1.608
1.648
1.758
1.784
1.87
1.714
1.705
2.773
3.39
3.014
3.12
2.763
1.784
1.685
1.67
1.686
1.003
0.992
0.842
2.544
2.915
1.384
1.031
1.032
1.033
1.034
1.009
0.993
0.838
0.839
0.841
0.837
0.841
0.843
0.848
0.846
0.848
0.839
0.844
0.837
0.841
0.845
0.85
0.839
0.847
0.843
0.838
0.838
0.841
0.843
0.843
0.843
0.842
0.84
0.839
0.839
0.838
0.832
0.833
0.836
0.836
0.837
0.841
0.847
2.159
1.621
3.154
2.886
4.283
4.13
3.655
3.967
2.957
3.125
3.201
3.06
3.626
2.909
2.939
1.811
2.339
1.962
1.966
1.802
1.623
2.082
1.707
1.818
1.779
1.7
1.75
1.732
3.474
3.259
3.098
2.879
1.857
1.859
1.702
1.716
1.039
1.031
0.874
2.589
13.693
2.226
1.038
1.044
0.877
0.88
0.873
0.879
0.878
0.876
0.877
0.878
0.867
0.872
0.877
0.876
0.875
0.88
0.872
0.875
0.871
0.873
0.869
0.869
0.868
0.87
0.875
0.875
0.874
0.877
0.87
0.874
0.873
0.874
0.87
0.872
0.869
1.837
1.612
2.306
2.993
2.226
4.057
3.639
3.47
2.952
2.886
2.905
4.324
3.048
2.89
2.997
1.834
2.027
1.947
1.907
1.837
1.99
3.957
1.921
1.728
1.762
2.268
1.722
1.719
3.275
3.145
3.504
2.902
2.052
1.823
1.711
1.716
1.52
1.036
0.96
0.872
3.774
2.58
1.053
1.034
0.878
0.882
0.881
0.886
0.887
0.884
0.883
0.878
0.88
0.867
0.876
0.877
0.879
0.879
1.634
1.608
2.709
2.652
3.48
4.923
3.579
3.56
2.934
3.469
3.7
2.878
2.875
2.849
2.896
1.784
2.053
1.897
1.871
1.736
1.67
1.783
1.767
1.739
1.711
1.732
1.76
1.736
2.971
3.381
3.167
2.844
1.796
2.091
1.684
1.693
1.042
1.033
2.537
2.837
1.116
1.039
0.886
0.884
0.87
0.883
0.889
0.885
0.888
0.883
0.872
0.874
0.878
0.878
0.881
0.877
0.881
0.877
0.873
0.87
0.868
0.87
0.875
0.875
0.875
0.878
0.878
0.882
0.879
0.877
2.733
2.815
2.506
4.028
3.665
3.478
2.954
2.873
2.912
3.207
2.982
2.861
2.831
1.812
2.045
1.927
1.866
1.916
1.9
5.303
2.007
1.687
1.696
1.783
1.687
1.684
1.804
3.378
3.296
2.866
2.024
1.805
1.697
1.697
1.87
1.029
1.035
0.876
0.875
0.882
0.88
0.878
2.572
4.264
2.263
3.028
2.805
4.743
4.424
3.527
3.784
2.886
3.165
3.286
3.008
2.975
2.863
2.91
1.785
2.462
1.865
1.834
1.699
1.623
2.281
1.708
1.682
1.676
1.711
1.731
1.72
3.055
3.252
3.27
2.86
1.814
1.908
1.708
1.708
1.046
1.041
6.3
2.326
2.498
2.812
2.39
3.936
3.587
3.47
2.913
2.836
2.86
4.495
2.999
2.892
2.854
1.81
2.016
1.907
1.846
1.862
2.357
5.246
2.027
1.702
1.739
2.266
1.717
1.713
2
3.265
3.319
2.861
2.018
1.806
1.712
1.687
1.821
1.034
1.022
0.878
2.438
13.766
2.247
2.544
2.555
3.291
3.75
3.433
3.436
2.895
3.746
3.996
2.87
2.855
2.788
2.878
1.763
1.925
1.843
1.81
1.677
1.643
1.746
1.751
1.724
1.697
1.716
1.722
1.714
3.094
3.466
3.017
2.809
1.798
2.046
1.674
1.663
1.029
1.017
3.725
2.693
3.332
3.334
2.367
3.989
3.947
3.413
2.858
2.81
2.832
2.877
2.959
2.849
2.769
1.783
2.527
2.086
1.835
2.758
1.698
1.591
1.871
1.686
1.679
1.665
1.768
1.704
1.639
3.094
3.389
2.872
2.284
1.788
1.671
1.668
1.686
1.016
2.551
3.457
2.253
1.757
3.175
3.147
4.063
3.555
3.504
2.826
2.844
2.807
2.989
2.942
2.765
2.931
1.768
2.453
1.841
1.806
1.675
1.705
1.804
1.787
1.767
1.748
1.739
1.681
1.707
2.89
3.081
3.329
2.785
1.8
1.779
1.669
1.683
1.053
1.024
7.068
3.99
3.166
3.599
2.097
3.635
3.592
3.48
3.232
2.837
2.838
2.931
2.924
2.874
2.819
2.128
1.758
2.124
1.819
1.815
1.753
1.594
1.657
1.735
1.726
1.815
1.699
1.683
3.429
3.252
3.152
3.137
2.784
1.784
1.682
1.676
1.68
1.016
1.522
3.108
2.222
2.153
2.922
2.17
4.011
3.486
3.412
2.854
2.8
2.818
3.896
2.956
2.853
2.91
1.779
1.907
1.844
1.799
1.75
2.08
3.361
1.836
1.725
1.749
2.017
1.696
1.748
2.969
3.146
3.356
2.829
2.005
1.8
1.693
1.694
1.413
1.028
4.148
3.073
2.198
4.185
1.9
3.893
3.595
3.453
2.989
2.804
2.824
2.91
2.923
2.897
2.84
2.119
1.779
4.33
1.836
1.834
1.731
1.617
1.68
1.808
1.806
1.904
1.722
1.76
2.163
3.051
3.373
3.215
2.934
1.81
1.692
1.687
1.684
1.03
1.033
0.865
3.533
5.921
2.055
4.9
2.017
3.901
3.658
3.371
2.952
2.786
2.804
2.871
2.893
2.844
2.832
1.932
1.786
5.34
1.818
1.813
1.685
1.591
1.619
1.796
1.782
1.832
1.705
1.697
1.939
2.969
3.456
3.044
2.866
1.779
1.679
1.665
1.668
1.015
1.015
3.123
3.343
1.752
3.601
2.38
4.002
5.231
3.419
2.857
2.773
2.808
2.865
2.92
2.827
2.801
1.854
3.306
2.79
1.834
1.904
1.687
1.601
1.673
1.776
1.74
1.721
1.709
1.685
1.726
3.313
3.081
2.886
2.364
1.817
1.706
1.697
1.704
1.027
1.024
0.87
0.866
0.875
0.87
0.865
0.877
0.876
0.877
0.88
0.874
0.878
0.875
0.881
0.878
0.883
0.877
0.877
0.878
0.874
0.878
0.873
0.861
0.857
0.857
0.856
0.854
0.823
0.826
0.824
0.826
0.827
0.828
0.833
0.836
0.832
0.835
0.839
0.827
0.839
0.837
0.837
0.841
0.84
0.838
4.223
13.687
2.767
5.736
2.788
3.602
3.686
3.472
3.925
2.782
2.793
2.884
2.85
2.919
2.768
2.561
1.749
2.064
1.807
1.801
1.637
1.552
1.655
1.633
1.651
1.669
1.683
1.671
1.619
2.905
3.446
3.201
2.733
1.78
1.678
1.65
1.663
0.993
2.642
14.156
2.24
3.042
2.768
4.816
4.381
3.461
3.653
2.773
2.847
3.168
2.806
2.758
2.689
2.764
1.719
2.358
1.807
1.785
1.646
1.566
2.193
1.65
1.626
1.778
1.636
1.673
1.649
3.294
3.084
3.075
2.704
1.759
1.799
1.643
1.647
0.981
1.52
11.119
2.266
2.089
2.997
2.184
3.993
3.422
3.357
2.796
2.758
2.784
3.541
2.922
2.81
3.452
1.796
1.997
1.895
1.852
1.744
2.194
3.196
1.765
1.693
1.726
2.214
1.665
1.701
2.832
3.044
3.438
2.791
2.016
1.793
1.68
1.682
1.309
0.999
0.9
2.614
2.284
2.475
2.896
2.451
3.958
3.563
3.402
2.827
2.754
2.795
4.347
2.917
2.808
2.772
1.788
2.001
1.898
1.823
1.913
2.541
5.229
1.954
1.684
1.687
2.215
1.655
1.657
1.862
3.155
3.318
2.764
1.999
1.774
1.657
1.66
1.839
0.987
2.674
3.956
4.142
3.592
2.911
3.78
3.738
3.552
3.249
2.798
2.81
2.959
2.729
3.465
2.757
2.751
1.745
2.241
1.822
1.794
1.633
1.547
1.704
1.732
1.705
1.635
1.656
1.652
1.664
2.909
3.103
3.007
2.723
1.761
1.714
1.644
1.648
0.987
1
2.97
3.923
1.833
3.867
2.293
3.93
3.661
3.385
2.813
2.722
2.745
2.848
2.903
2.772
2.753
1.836
4.44
3.209
1.782
2.026
1.628
1.552
1.581
1.748
1.733
1.692
1.667
1.656
1.712
3.197
3.175
2.818
2.31
1.771
1.662
1.665
1.667
0.988
2.711
3.879
4.533
3.439
2.885
3.96
3.669
3.3
3.489
2.767
2.834
3.049
2.735
3.268
2.747
2.768
1.732
2.252
1.787
1.773
1.619
1.561
1.782
1.768
1.678
1.671
1.675
1.667
1.688
2.956
3.195
3.066
2.743
1.766
1.725
1.653
1.647
1.003
1.001
2.99
3.02
1.689
3.524
2.426
4.02
4.854
3.402
2.812
2.73
2.785
2.87
2.927
2.817
2.746
1.814
3.189
2.517
1.804
1.803
1.644
1.553
1.576
1.685
1.689
1.657
1.671
1.652
1.633
3.237
3.158
2.775
2.497
1.751
1.631
1.646
1.64
0.998
0.994
2.559
13.986
4.644
3.705
2.905
3.669
3.752
3.476
3.537
2.755
2.763
2.921
2.723
3.077
2.752
2.737
1.718
2.273
1.798
1.769
1.631
1.572
1.79
1.715
1.72
1.673
1.717
1.693
1.671
2.986
3.321
3.171
2.789
1.776
1.727
1.667
1.663
1.008
1.446
12.736
2.209
1.999
3.033
2.73
4.001
3.395
3.435
2.8
2.826
2.779
3.472
2.892
2.792
3.456
1.776
1.926
1.832
1.795
1.668
2.086
2.569
1.773
1.738
1.755
1.94
1.659
1.687
3.24
3.331
3.285
2.779
1.973
1.772
1.661
1.653
1.185
1.007
0.887
2.488
2.313
1.008
1.352
1.546
1.359
1.03
1.019
1.032
1.03
1.026
1.509
2.057
1.554
1.539
1.079
1.531
1.781
2.889
2.811
4.241
3.891
3.454
3.631
2.807
3.574
3.26
2.849
2.83
2.717
2.783
1.742
2.222
1.836
1.814
1.66
1.565
2.22
1.635
1.63
1.648
1.621
1.66
1.652
3.137
3.147
3.146
2.752
1.758
1.842
1.634
1.638
0.997
0.988
2.426
12.393
2.254
0.992
0.987
0.83
0.845
0.845
0.843
0.845
0.839
0.844
0.84
0.839
0.837
0.84
0.853
0.844
0.844
0.842
0.845
0.838
0.824
0.838
0.826
0.844
0.847
0.849
0.849
0.844
0.843
0.848
0.845
0.85
0.856
0.846
0.852
0.849
0.848
0.848
0.851
0.842
0.838
0.846
0.829
0.845
0.845
0.845
0.841
3.54
1.567
1.641
3.381
2.452
3.991
5.192
3.398
2.806
2.745
2.787
2.853
2.918
2.77
2.683
1.745
3.561
2.721
1.795
2.325
1.645
1.567
1.62
1.733
1.699
1.675
1.672
1.654
1.691
3.438
3.047
2.81
2.288
1.765
1.643
1.645
1.66
0.997
0.993
0.84
0.837
4.858
2.364
0.999
0.994
0.84
0.843
0.834
0.839
0.84
0.842
0.838
0.844
0.842
0.835
0.833
0.841
0.841
0.839
0.836
0.834
0.834
0.838
0.837
0.836
0.831
0.826
0.833
0.833
0.828
0.835
0.835
0.832
0.836
1.745
1.577
2.331
2.94
3.156
3.936
3.493
3.392
2.8
2.852
2.77
4.333
2.917
2.8
2.903
1.778
1.97
1.875
1.813
1.687
2.185
4.384
1.845
1.671
1.668
2.339
1.661
1.652
2.898
3.046
3.332
2.74
1.971
1.769
1.64
1.649
1.097
0.985
5.352
9.79
1.494
0.988
0.886
0.835
0.836
0.831
0.831
0.836
0.83
0.832
0.833
0.835
0.837
0.846
0.842
0.838
0.834
0.838
0.837
0.835
0.837
0.836
0.834
0.839
0.841
0.838
0.842
0.84
0.842
0.842
0.843
0.837
0.834
0.835
0.832
0.832
0.834
0.838
0.834
0.837
0.837
0.837
0.839
0.837
0.837
0.839
0.833
0.83
0.829
0.83
0.738
0.738
0.737
0.747
0.745
0.743
0.742
0.74
0.74
0.743
0.742
0.742
0.742
0.739
0.741
0.742
0.746
0.742
0.741
0.741
0.745
0.747
0.748
0.741
0.744
0.747
0.748
0.739
0.749
0.746
0.747
0.742
0.74
0.742
0.746
0.746
0.736
0.738
0.738
0.739
0.742
0.74
0.738
0.739
0.74
0.742
0.74
0.739
0.743
0.745
0.745
0.745
0.744
0.745
0.741
0.744
0.745
0.747
0.738
0.733
0.739
0.739
0.736
0.737
0.736
0.74
0.742
0.742
0.739
0.741
0.841
0.831
0.831
0.83
0.835
0.83
0.82
0.822
0.832
0.826
0.836
0.836
1.256
1.681
1.729
3.438
2.275
3.911
3.634
3.379
2.815
2.741
2.77
2.875
2.94
2.789
2.706
1.774
1.819
3.548
1.786
1.854
1.633
1.548
1.579
1.762
1.751
1.714
1.665
1.662
1.795
3.161
3.421
2.905
2.101
1.767
1.644
1.646
1.639
0.992
0.988
0.83
0.832
0.842
0.832
0.835
0.835
0.827
0.84
0.84
0.836
0.83
0.827
0.832
0.836
0.839
0.84
0.838
0.835
0.845
0.837
2.721
2.888
1.08
0.991
0.842
0.835
0.831
0.844
0.839
0.842
0.838
0.839
0.834
0.837
0.822
0.834
1.57
2.928
2.684
5.455
4.76
3.459
3.653
2.804
2.856
3.419
2.827
2.783
2.772
2.824
1.75
2.069
1.819
1.785
1.636
1.582
2.433
1.688
1.655
1.637
1.655
1.677
1.666
3.195
3.447
3.081
2.746
1.758
1.962
1.654
1.635
0.98
0.984
2.477
11.852
4.978
3.144
2.662
5.611
4.726
3.428
3.145
2.761
2.854
3.412
2.789
2.788
2.746
2.743
1.716
2.038
1.776
1.755
1.596
1.554
2.701
1.656
1.648
1.622
1.654
1.68
1.659
3.219
3.33
3.229
2.704
1.729
1.909
1.635
1.643
0.998
2.559
3.372
2.227
1.805
3.139
3.347
3.987
3.5
3.397
2.799
3.566
2.752
2.821
2.848
2.724
2.845
1.757
1.922
1.829
1.803
1.649
1.672
1.816
1.775
1.751
1.731
1.686
1.641
1.671
2.805
3.058
3.333
2.756
1.806
1.769
1.651
1.648
1.003
0.989
0.832
0.835
0.834
2.589
11.958
2.172
2.598
2.537
3.475
3.82
3.412
3.39
2.783
2.913
4.181
2.843
2.788
2.775
2.847
1.751
2.026
1.841
1.814
1.646
1.604
1.708
1.716
1.688
1.647
1.666
1.672
1.664
2.832
3.335
3.07
2.739
1.759
1.922
1.653
1.649
1.004
0.997
3.741
3.557
2.088
4.476
2.143
3.603
3.556
3.436
2.899
2.732
2.746
2.853
2.886
2.817
2.755
2.073
1.736
2.172
1.796
1.773
1.661
1.555
1.6
1.683
1.707
1.814
1.676
1.658
3.066
3.223
3.003
3.264
2.816
1.737
1.643
1.64
1.65
0.988
1.002
0.84
0.835
0.835
0.834
2.393
2.366
1.602
3.254
2.387
3.936
4.021
3.397
2.788
2.714
2.743
2.816
2.886
2.791
2.732
1.75
2.693
2.231
1.809
1.908
1.653
1.576
2.089
1.657
1.658
1.643
1.743
1.672
1.606
3.015
3.386
2.806
2.183
1.753
1.654
1.656
1.811
0.997
0.993
0.837
0.836
0.838
0.839
0.842
0.85
0.854
0.845
0.843
0.847
0.838
0.84
0.836
0.837
0.837
0.836
0.841
0.837
0.837
0.838
0.834
0.828
0.838
0.833
0.833
0.824
0.828
0.823
0.823
0.821
0.823
0.82
0.828
0.834
0.829
2.68
3.198
1.71
3.364
2.318
3.886
3.58
3.399
2.788
2.741
2.777
2.904
2.872
2.871
2.753
1.821
4.31
3.321
1.823
3.079
1.673
1.584
1.632
1.779
1.761
1.717
1.679
1.674
1.764
3.229
3.233
2.833
2.247
1.812
1.682
1.672
1.694
0.978
2.299
13.935
2.28
1.841
3.159
3.19
4.003
3.475
3.455
2.776
2.977
2.778
2.882
2.769
2.734
2.928
1.768
1.948
1.841
1.816
1.681
1.765
1.933
1.792
1.774
1.772
1.748
1.666
1.701
2.919
3.178
3.319
2.753
1.852
1.802
1.672
1.671
1.014
0.997
3.877
4.122
1.984
4.663
2.191
3.617
3.578
3.379
2.939
2.759
2.755
2.871
2.843
2.828
2.761
2.051
1.754
2.12
1.811
1.802
1.682
1.586
1.669
1.713
1.725
1.801
1.7
1.689
3.422
3.155
3.166
3.035
2.853
1.803
1.677
1.665
1.663
0.997
1.458
3.277
2.224
2.004
3.113
3.155
4.09
3.39
3.364
2.77
2.807
2.762
3.226
2.836
2.743
3.122
1.804
1.952
1.835
1.798
1.661
2.108
2.588
1.77
1.759
1.772
1.908
1.673
1.702
3.094
3.368
3.273
2.788
1.988
1.804
1.69
1.691
1.051
2.665
3.893
2.2
2.637
2.597
3.64
3.949
3.431
3.419
2.809
2.897
4.059
2.817
2.769
2.795
2.876
1.794
1.985
1.82
1.798
1.649
1.607
1.758
1.748
1.703
1.682
1.691
1.737
1.719
2.824
3.39
2.988
2.765
1.803
1.821
1.682
1.683
1.009
1.006
0.851
0.845
0.843
0.841
1.124
2.459
2.933
1.863
3.573
2.085
3.979
3.517
3.461
2.837
2.739
2.779
2.847
2.845
2.879
2.79
1.863
1.886
4.592
1.829
1.853
1.666
1.583
1.624
1.783
1.795
1.786
1.695
1.725
1.941
2.995
3.409
2.962
2.114
1.802
1.687
1.692
1.691
1.004
1.011
0.857
0.852
0.852
0.853
0.846
1.32
1.326
3.082
5.011
1.947
4.049
2.014
3.642
3.561
3.416
2.929
2.79
2.811
2.917
2.889
2.907
2.816
2.006
1.782
2.108
1.826
1.804
1.684
1.584
1.621
1.742
1.748
1.814
1.716
1.703
2.81
3.332
3.145
3.267
2.669
1.809
1.692
1.672
1.679
1.007
1.003
0.846
0.848
0.845
0.842
0.844
1.861
3.394
2.264
1.941
3.122
3.075
4.09
3.416
3.442
2.775
2.812
2.796
3.238
2.863
2.757
3.235
1.797
1.965
1.85
1.812
1.665
2.124
2.346
1.801
1.763
1.744
1.844
1.671
1.711
3.09
3.425
3.238
2.778
1.974
1.787
1.7
1.687
1.05
1.015
0.867
0.86
1.317
1.336
1.339
1.338
4.275
2.306
3.234
3.263
2.457
4.032
3.688
3.441
2.852
2.793
2.813
2.864
2.878
2.846
2.81
1.782
2.271
2.029
1.818
1.899
1.726
1.588
1.876
1.648
1.644
1.689
1.693
1.672
1.724
3.121
3.444
2.841
2.084
1.781
1.681
1.686
1.833
1.005
1.005
0.85
0.856
1.331
9.03
2.318
3.564
3.072
2.467
4.018
3.595
3.37
2.811
2.773
2.806
2.87
2.88
2.841
2.829
1.799
2.139
1.984
1.836
1.826
2.344
1.622
2.227
1.659
1.793
1.688
1.731
1.702
2.089
3.35
3.373
2.849
2.06
1.817
1.717
1.709
1.579
1.021
0.958
1.007
2.516
2.752
1.717
3.405
2.217
3.96
3.713
3.476
2.876
2.801
2.825
2.96
2.894
2.886
2.798
1.834
1.934
3.744
1.848
1.882
1.698
1.63
1.64
1.809
1.816
1.778
1.728
1.742
1.858
3.233
3.479
2.933
2.179
1.808
1.715
1.717
1.722
1.027
1.029
0.86
1.31
6.747
2.377
1.083
1.049
1.048
2.973
1.901
3.354
3.437
2.575
4.072
3.67
3.496
2.891
2.82
2.853
2.897
2.918
2.882
2.857
1.828
2.368
2.085
1.86
1.928
2.482
1.607
1.891
1.662
1.774
1.701
1.716
1.684
1.788
3.348
3.393
2.893
2.117
1.844
1.717
1.705
1.788
1.025
1.016
0.868
0.868
0.865
4.623
13.724
3.577
4.249
2.902
4.761
4.193
3.547
4.626
2.88
2.91
3.24
2.85
2.902
2.868
2.842
1.83
2.248
1.927
1.924
1.76
1.612
2.307
1.675
1.68
1.745
1.688
1.71
1.686
3.038
3.136
3.173
2.88
1.825
1.859
1.68
1.689
1.028
1.02
0.865
0.864
0.859
0.852
0.854
0.861
0.866
2.475
3.625
2.346
2.468
2.835
3.718
4.019
3.519
3.557
2.886
2.921
4.359
2.87
2.866
2.848
2.93
1.817
2.144
1.912
1.891
1.743
1.651
1.811
1.757
1.732
1.713
1.715
1.719
1.7
2.897
3.392
3.077
2.845
1.834
1.926
1.689
1.688
1.023
1.015
0.855
2.301
13.056
2.312
1.983
3.149
3.171
4.165
3.51
3.512
2.902
2.875
2.857
3.205
2.895
2.78
3.273
1.829
2.01
1.911
1.891
1.747
2.098
2.466
1.795
1.739
1.773
1.877
1.675
1.699
3.136
3.427
3.197
2.84
2.008
1.84
1.685
1.689
1.043
1.011
0.867
0.857
0.855
3.062
3.771
1.88
3.663
1.983
3.896
3.653
3.477
2.944
2.857
2.872
2.954
2.944
2.948
2.867
1.933
1.809
3.25
1.878
1.863
1.727
1.6
1.648
1.788
1.811
1.814
1.712
1.695
2.357
3.169
3.329
3.394
2.296
1.839
1.706
1.708
1.706
1.019
1.028
0.873
1.337
1.346
1.471
3.007
2.278
2.953
2.626
2.655
4.129
3.675
3.509
2.921
2.858
2.858
2.997
2.921
2.869
2.861
1.815
2.082
1.962
1.873
1.815
2.042
1.66
2.091
1.713
1.729
1.746
1.699
1.674
2.9
3.553
3.12
2.881
2.026
1.823
1.707
1.703
1.337
1.012
0.92
0.863
0.867
0.872
0.871
0.872
0.868
0.868
0.87
0.869
0.87
0.869
0.863
0.864
0.865
0.859
0.872
0.875
0.871
0.864
0.866
0.865
0.866
0.869
0.865
0.87
0.865
0.867
0.867
0.866
0.868
0.869
0.856
0.86
0.855
0.855
0.852
0.856
0.851
0.858
0.861
0.863
0.867
0.862
0.866
1.381
13.436
2.282
2.152
3.028
3.087
4.083
3.541
3.448
2.881
2.938
2.869
3.581
2.9
2.832
3.264
1.817
2.012
1.884
1.842
1.716
2.261
2.938
1.845
1.751
1.762
1.922
1.69
1.741
3.105
3.362
3.529
2.859
2.061
1.85
1.716
1.715
1.102
1.028
0.881
0.87
0.867
0.872
2.636
13.862
4.613
2.763
2.554
3.651
3.829
3.568
3.439
2.913
3.057
3.921
2.93
2.879
2.871
2.911
1.818
1.987
1.885
1.874
1.755
1.648
1.764
1.732
1.692
1.679
1.685
1.698
1.709
3.099
3.518
3.092
2.837
1.834
2.085
1.701
1.699
1.017
1.01
0.864
0.859
0.854
0.865
0.871
0.857
0.855
0.865
0.862
4.066
6.143
2.225
4.583
2.25
3.647
3.706
3.563
3.064
2.872
2.874
2.94
2.971
3.014
2.874
2.062
1.811
2.14
1.899
1.873
1.774
1.631
1.676
1.746
1.771
1.814
1.711
1.716
3.044
3.353
3.149
3.307
2.974
1.858
1.721
1.721
1.703
1.014
1.018
0.857
6.129
3.822
2.068
1.023
0.955
0.863
0.872
0.862
0.862
0.849
1.619
1.592
1.911
3.188
3.243
3.998
3.526
3.429
2.875
2.921
2.852
3.088
2.894
2.822
3.09
1.827
1.988
1.897
1.884
1.732
1.819
2.076
1.805
1.773
1.802
1.763
1.69
1.698
3.094
3.465
3.123
2.828
1.939
1.835
1.702
1.707
1.042
1.036
0.872
0.867
4.668
13.912
4.136
3.647
2.844
5.07
4.157
3.563
3.563
2.921
2.942
3.507
2.858
2.947
2.878
2.853
1.813
2.285
1.894
1.899
1.734
1.643
1.956
1.722
1.697
1.676
1.69
1.708
1.709
3.185
3.476
3.4
2.871
1.848
2.036
1.684
1.7
1.031
1.021
0.874
0.872
0.874
1.334
5.526
2.671
1.667
3.43
2.534
4.122
4.725
3.482
2.897
2.833
2.852
2.927
2.917
2.871
2.804
1.816
3.029
2.553
1.898
2.281
1.704
1.612
1.86
1.728
1.707
1.689
1.725
1.705
1.715
3.318
3.411
2.907
2.355
1.83
1.709
1.703
1.708
1.026
1.027
0.864
0.883
2.686
13.807
2.36
2.506
2.611
3.694
4
3.453
3.511
2.873
3.09
3.976
2.88
2.869
2.854
2.918
1.794
2.16
1.86
1.838
1.705
1.659
1.818
1.768
1.756
1.725
1.712
1.754
1.711
2.825
3.391
3.084
2.816
1.84
1.922
1.704
1.704
1.014
1.028
0.874
0.867
1.321
4.725
2.4
3.588
3.372
2.379
4.004
3.876
3.479
2.84
2.819
2.873
2.914
2.94
2.867
2.831
1.81
2.531
2.131
1.868
2.012
1.815
1.612
1.868
1.687
1.699
1.68
1.737
1.695
1.751
3.314
3.534
2.911
2.184
1.848
1.69
1.694
1.892
1.021
1.014
0.861
2.514
13.938
2.291
2.185
2.911
3.66
4.071
3.544
3.58
2.916
3.121
3.583
2.918
2.821
2.812
2.867
1.783
2.127
1.937
1.92
1.777
1.63
1.842
1.759
1.719
1.683
1.692
1.702
1.693
2.831
3.509
3.088
2.912
1.869
1.924
1.733
1.732
1.051
1.051
0.889
0.877
0.882
0.879
0.884
0.88
0.886
0.878
0.876
0.876
0.878
0.88
0.876
4.646
3.904
3.171
4.098
2.898
4.694
4.091
3.639
4.402
2.977
2.993
3.401
2.92
2.996
2.916
2.927
1.819
2.459
1.943
1.939
1.786
1.659
2.2
1.721
1.7
1.834
1.72
1.732
1.759
3.495
3.301
3.295
2.91
1.854
1.945
1.735
1.738
1.048
1.046
0.887
0.867
1.366
13.116
2.28
2.049
3.093
3.103
4.09
3.507
3.451
2.893
2.93
2.863
3.593
2.9
2.792
3.599
1.813
2.056
1.939
1.926
1.791
2.15
2.625
1.78
1.735
1.754
1.925
1.681
1.716
3.11
3.353
3.432
2.824
2.018
1.811
1.708
1.692
1.062
1.025
0.88
1.336
1.343
1.346
2.877
3.305
1.759
3.48
2.057
3.93
3.686
3.452
2.934
2.846
2.88
2.92
2.918
2.903
2.826
1.876
1.893
5.035
1.907
2.101
1.734
1.61
1.652
1.79
1.825
1.806
1.72
1.757
2.015
3.02
3.401
3.074
2.193
1.802
1.705
1.705
1.7
1.018
1.015
0.865
0.869
0.876
3.05
5.15
1.991
4.097
2.029
3.689
3.615
3.482
2.986
2.858
2.855
2.912
2.932
2.942
2.848
2.005
1.772
2.018
1.858
1.86
1.736
1.604
1.63
1.741
1.748
1.838
1.705
1.696
2.531
3.319
3.358
3.399
2.713
1.816
1.701
1.69
1.696
1.028
1.023
0.866
0.868
1.21
2.828
2.553
1.639
3.316
2.448
4.036
3.981
3.446
2.863
2.777
2.842
2.866
2.907
2.853
2.801
1.776
2.7
2.233
1.832
2.022
1.692
1.608
1.994
1.702
1.679
1.658
1.699
1.677
1.67
3.107
3.419
2.937
2.237
1.803
1.699
1.693
1.89
1.014
1.026
0.869
0.869
2.382
12.386
2.336
1.915
3.183
3.242
3.938
3.493
3.474
2.853
2.88
2.852
3.107
2.87
2.805
3.106
1.791
1.966
1.875
1.846
1.698
1.857
1.978
1.799
1.783
1.78
1.785
1.637
1.662
2.992
3.404
3.075
2.777
1.874
1.758
1.652
1.657
1.018
1.001
0.848
0.845
0.848
0.856
0.855
6.009
12.473
3.554
4.412
2.947
3.797
3.714
3.5
3.626
2.793
2.777
3.006
2.822
3.223
2.793
2.307
1.753
2.147
1.826
1.807
1.673
1.578
1.798
1.682
1.668
1.68
1.695
1.676
1.633
3.056
3.335
3.189
2.773
1.778
1.723
1.667
1.666
1.002
0.999
0.851
0.847
0.847
0.847
0.854
2.335
2.59
1.726
3.353
2.314
3.835
3.599
3.393
2.823
2.766
2.792
2.896
2.857
2.809
2.741
1.782
4.44
3.095
1.807
3.088
1.647
1.555
1.597
1.742
1.722
1.683
1.67
1.662
1.698
3.345
3.085
2.831
2.297
1.784
1.669
1.668
1.669
1.009
1.009
0.849
0.844
0.85
0.846
0.851
0.854
0.856
0.864
0.857
0.862
0.862
0.856
0.628
0.148
0.148
0.149
0.72
0.736
0.738
0.832
0.823
0.858
0.859
0.859
0.873
0.875
0.866
0.865
0.866
0.863
3.48
1.94
1.696
3.454
2.302
3.295
2.994
2.916
2.847
2.754
2.748
2.795
2.727
2.726
2.73
1.801
3.728
2.511
1.809
2.476
1.656
1.598
1.708
1.73
1.694
1.682
1.692
1.679
1.706
3.423
3.153
2.858
2.35
1.804
1.683
1.681
1.687
1.01
1.013
2.898
3.612
1.839
3.39
1.91
3.854
3.552
3.418
2.844
2.76
2.781
2.905
2.88
2.946
2.828
1.901
1.778
3.871
1.822
2.047
1.673
1.597
1.668
1.775
1.807
1.796
1.703
1.737
2.254
3.081
3.363
3.302
2.212
1.784
1.675
1.676
1.673
1.013
1.012
1.253
3.694
2.94
1.697
3.335
2.301
3.854
3.586
3.42
2.835
2.76
2.784
2.918
2.856
2.817
2.746
1.792
3.733
3.27
1.818
1.899
1.663
1.587
1.634
1.757
1.742
1.711
1.68
1.678
1.76
3.253
3.235
2.875
2.221
1.792
1.655
1.665
1.668
1.005
1.005
0.85
3.188
3.074
1.675
3.388
2.186
3.89
3.674
3.398
2.819
2.749
2.788
2.899
2.862
2.854
2.763
1.837
1.883
3.736
1.839
1.894
1.682
1.608
1.65
1.792
1.774
1.74
1.692
1.688
1.828
3.198
3.469
2.943
2.141
1.795
1.682
1.679
1.684
1.01
1.011
0.853
1.26
5.59
2.548
1.624
3.313
2.465
4.08
4.035
3.448
2.825
2.767
2.798
2.843
2.849
2.836
2.785
1.785
2.902
2.225
1.822
2.052
1.668
1.601
2.07
1.678
1.67
1.66
1.748
1.672
1.636
3.027
3.458
2.892
2.211
1.795
1.685
1.681
1.823
1.003
0.999
0.847
0.844
0.847
1.336
4.436
2.242
2.084
3.011
3.09
4.03
3.403
3.411
2.811
2.795
2.797
3.743
2.856
2.792
3.782
1.799
1.976
1.858
1.806
1.673
2.094
3.023
1.8
1.72
1.73
2.052
1.672
1.713
3.095
3.256
3.505
2.794
1.99
1.787
1.686
1.679
1.071
1.011
0.867
0.852
0.852
0.855
0.858
0.855
0.858
0.847
0.854
0.855
0.855
0.855
0.853
0.854
0.853
0.852
0.852
0.85
0.855
0.864
0.853
0.857
0.857
0.856
0.859
0.856
0.859
0.851
0.86
0.864
0.859
0.861
0.86
0.857
0.857
0.852
0.85
1.19
2.468
2.71
1.735
3.471
2.15
3.954
3.603
3.451
2.89
2.822
2.863
2.908
2.961
2.858
2.8
1.833
1.877
4.485
1.859
1.862
1.71
1.619
1.661
1.824
1.832
1.79
1.721
1.749
1.956
3.121
3.459
3.036
2.294
1.828
1.707
1.705
1.709
1.023
1.027
0.861
0.858
0.864
0.866
1.382
3.306
2.236
2.222
3.025
3.196
4.051
3.54
3.386
2.847
2.882
2.818
3.767
2.941
2.819
2.997
1.806
1.932
1.89
1.85
1.711
2.171
3.306
1.866
1.725
1.72
2.138
1.698
1.736
3.093
3.097
3.497
2.848
2.004
1.795
1.686
1.685
1.091
1.012
0.872
0.859
0.863
0.859
0.856
0.861
0.863
1.152
1.342
7.19
2.415
3.254
3.333
2.41
3.968
3.805
3.407
2.839
2.776
2.813
2.888
2.948
2.855
2.822
1.813
2.288
2.053
1.82
1.853
1.793
1.608
1.913
1.662
1.664
1.665
1.711
1.684
1.734
3.195
3.545
2.887
2.128
1.8
1.682
1.686
1.855
1.028
1.026
0.868
0.871
2.403
3.545
2.307
1.848
3.181
3.237
4.061
3.517
3.484
2.845
3.005
2.842
3.103
2.899
2.799
3.067
1.795
1.938
1.855
1.844
1.706
1.801
1.907
1.799
1.783
1.769
1.716
1.672
1.704
2.94
3.24
3.4
2.855
1.862
1.805
1.691
1.688
1.039
1.027
0.857
0.869
0.869
1.309
6.16
2.451
1.663
3.36
2.369
3.992
4.088
3.444
2.865
2.828
2.866
2.908
2.958
2.861
2.804
1.799
2.509
2.152
1.826
2.099
1.676
1.601
1.914
1.684
1.675
1.665
1.727
1.676
1.654
3.054
3.5
2.921
2.198
1.799
1.704
1.696
1.79
1.032
1.032
0.874
0.891
2.548
3.533
2.309
2.349
2.741
3.748
3.976
3.464
3.508
2.859
3.014
3.822
2.911
2.808
2.797
2.883
1.773
2.515
1.831
1.827
1.693
1.648
1.76
1.782
1.766
1.72
1.711
1.719
1.721
2.829
3.385
3.134
2.822
1.814
1.801
1.688
1.714
1.027
1.024
0.868
0.866
0.868
0.872
0.865
0.859
0.87
0.87
0.872
0.872
0.87
0.874
0.875
0.875
0.876
0.871
0.876
0.865
0.865
0.877
1.35
5.755
2.334
3.844
3.153
2.535
4.066
3.701
3.441
2.881
2.835
2.835
2.922
2.947
2.86
2.837
1.805
2.168
1.983
1.861
1.823
2.127
1.636
1.941
1.689
1.809
1.711
1.726
1.71
1.981
3.413
3.365
2.891
2.037
1.805
1.704
1.688
1.63
1.026
0.977
0.874
0.88
1.378
13.354
2.27
2.091
3.07
3.22
4.085
3.461
3.434
2.856
2.877
2.867
3.601
2.991
2.815
3.608
1.826
1.978
1.879
1.848
1.7
2.188
2.748
1.813
1.75
1.78
2.028
1.705
1.712
3.115
3.414
3.5
2.851
2.026
1.824
1.702
1.714
1.087
1.036
0.889
0.873
2.551
2.791
1.817
3.435
2.012
3.913
3.585
3.49
2.924
2.864
2.881
2.99
2.956
2.894
2.863
1.904
1.81
4.575
1.853
2.038
1.702
1.615
1.652
1.794
1.809
1.831
1.751
1.782
2.254
3.139
3.397
3.299
2.145
1.817
1.71
1.697
1.705
1.038
1.039
0.884
2.958
3.152
1.205
1.039
0.898
0.882
0.882
0.881
0.886
0.884
0.887
0.885
0.897
0.893
0.886
0.886
0.881
0.882
0.89
0.89
0.88
0.886
1.658
1.615
2.053
3.108
3.215
4.154
3.489
3.501
2.885
2.882
2.87
3.367
2.979
2.862
3.399
1.839
1.971
1.878
1.84
1.736
2.125
2.412
1.84
1.779
1.806
1.923
1.71
1.734
3.214
3.452
3.287
2.894
1.992
1.839
1.726
1.737
1.092
1.049
0.898
0.887
0.889
0.889
1.423
3.266
2.249
2.24
2.999
3.239
4.062
3.554
3.438
2.899
2.941
2.876
4.02
3.04
2.902
2.993
1.835
1.965
1.913
1.872
1.751
2.261
3.384
1.899
1.78
1.797
2.032
1.733
1.779
3.17
3.258
3.46
2.903
2.045
1.834
1.732
1.75
1.147
1.051
0.906
0.896
4.215
6.433
1.365
1.045
0.909
0.891
0.886
1.646
1.639
1.089
1.082
1.078
2.187
1.679
3.864
2.916
4.734
4.161
3.593
4.394
2.929
2.932
3.419
2.979
3.026
2.921
2.945
1.823
2.181
1.906
1.891
1.757
1.65
2.421
1.707
1.715
1.791
1.709
1.729
1.705
3.39
3.252
3.281
2.859
1.847
1.913
1.714
1.706
1.056
1.052
1.259
1.369
1.5
9.285
2.299
2.708
2.732
2.621
4.164
3.659
3.555
2.997
2.916
2.944
2.974
3.037
2.904
2.899
1.833
2.043
1.968
1.885
1.791
2.252
4.075
1.993
1.726
1.728
1.778
1.706
1.698
3.352
3.587
3.147
2.925
2.043
1.849
1.724
1.738
1.283
1.036
0.93
4.934
8.341
2.459
3.771
2.608
3.701
3.782
3.632
3.238
2.935
2.929
3.008
3.032
3.057
2.92
2.224
1.853
2.127
1.935
1.935
1.816
1.639
1.726
1.727
1.744
1.826
1.721
1.732
3.852
3.418
3.446
3.125
3.067
1.879
1.742
1.716
1.718
1.053
1.056
0.895
0.899
0.896
0.895
0.897
0.896
0.898
0.898
0.895
0.897
0.896
0.902
0.897
0.897
0.898
0.9
0.895
0.89
0.889
0.889
0.893
0.892
0.902
0.902
0.899
1.374
2.649
2.451
1.068
1.063
0.776
0.78
0.78
0.78
0.784
0.778
0.775
0.781
0.78
0.782
0.778
0.782
0.786
0.786
0.786
0.788
0.785
0.785
0.785
0.784
0.783
0.782
0.785
0.782
0.778
0.779
0.781
0.78
0.783
0.782
0.783
0.783
0.783
0.786
0.785
0.785
0.785
0.775
0.773
0.774
0.776
0.778
0.774
0.777
0.784
0.782
0.784
0.785
0.786
0.785
0.787
0.786
0.788
0.789
0.788
0.788
0.787
0.787
0.788
0.788
0.785
0.784
0.787
0.784
0.787
0.788
0.783
0.783
0.782
0.788
0.786
0.785
0.785
0.781
0.782
0.785
0.785
0.787
0.788
0.789
0.785
0.784
0.789
0.788
0.789
0.792
0.793
0.794
0.793
0.793
0.79
0.791
0.791
0.792
0.79
0.789
0.788
0.787
0.79
0.791
0.793
0.794
0.791
0.796
0.795
0.793
0.792
0.792
0.791
0.789
0.791
0.797
0.794
0.793
0.791
0.793
0.786
0.786
0.784
0.779
0.783
0.788
0.787
0.795
0.797
0.797
0.797
0.797
0.796
0.794
0.793
0.796
0.792
0.793
0.796
0.795
0.796
0.795
0.796
0.794
0.795
0.792
0.795
0.794
0.793
0.79
0.792
0.792
0.791
0.794
0.791
0.789
0.792
0.791
0.792
0.792
0.796
0.792
0.79
0.793
0.787
0.792
0.794
0.794
0.797
0.797
0.798
0.797
0.796
0.796
0.795
0.796
0.796
0.792
0.794
0.795
0.795
0.797
0.797
0.796
0.797
0.794
0.796
0.795
0.794
0.793
0.795
0.794
0.794
0.792
0.793
0.793
0.793
0.793
0.793
0.794
0.793
0.792
0.793
0.792
0.784
0.786
0.786
0.784
0.787
0.786
0.787
0.796
0.798
0.797
0.797
0.799
0.797
0.797
0.798
0.799
0.798
0.798
0.799
0.799
0.799
0.797
0.798
0.797
0.798
0.798
0.797
0.796
0.798
0.798
0.797
0.801
0.799
0.798
0.799
0.798
0.797
0.794
0.795
0.795
0.796
0.795
0.796
0.797
0.796
0.796
0.798
0.798
0.798
0.799
0.798
0.798
0.799
0.798
0.799
0.799
0.8
0.8
0.798
0.798
0.8
0.8
0.798
0.8
0.799
0.799
0.798
0.796
0.8
0.797
0.797
0.797
0.8
0.798
0.798
0.799
0.796
0.798
0.798
0.796
0.796
0.793
0.79
0.789
0.788
0.787
0.787
0.786
0.787
0.794
0.796
0.796
0.795
0.797
0.795
0.793
0.795
0.794
0.793
0.796
0.795
0.796
0.797
0.795
0.793
0.795
0.796
0.794
0.798
0.798
0.799
0.796
0.795
0.794
0.796
0.797
0.794
0.796
0.796
