386.700012
335.573334
351.528900
339.528900
252.773331
256.160004
249.759995
249.039993
280.444458
194.088882
190.106674
203.475555
212.711105
221.537781
188.888885
188.960007
196.382217
196.311111
214.373337
195.582230
198.293335
207.919998
198.133331
208.995560
194.862228
225.591110
213.279999
196.391113
200.826660
201.413330
195.520004
196.097778
199.404449
195.368896
218.017776
239.706665
266.613342
242.302216
122.862221
118.879997
117.991112
116.835556
119.333336
114.595558
114.639999
113.848892
123.155556
121.937775
114.320000
112.657776
117.777779
114.808891
137.582230
114.257774
114.568886
113.537781
118.631111
115.271111
113.217781
115.591110
113.199997
128.355560
114.648888
115.244446
136.497772
114.382225
128.497772
114.648888
113.324448
115.866669
116.293335
119.368889
112.897781
114.302223
112.826668
111.324448
137.066666
128.000000
114.222221
113.528893
117.279999
112.035553
119.048889
111.146667
113.004448
113.680000
137.537781
114.462219
110.666664
117.760002
114.631111
118.284447
129.342224
110.800003
112.053337
113.333336
116.311111
113.875557
114.879997
144.604446
113.164444
115.031113
112.862221
114.293335
113.324448
113.857780
112.737778
126.204445
114.266670
113.671112
116.426666
138.017776
114.559998
114.951111
177.288895
117.342224
114.551109
114.675552
114.160004
111.511108
122.533333
119.413330
117.635559
38.400002
32.746666
38.755554
34.799999
47.262222
34.062222
34.542221
30.426666
26.391111
29.413334
29.520000
25.920000
25.653334
27.973333
30.133333
24.871111
24.462223
24.124445
27.991112
31.537777
27.342222
25.946667
29.928888
31.893333
29.626667
28.675556
29.635555
24.044445
26.373333
30.951111
33.635555
26.951111
25.911112
29.475555
29.884445
31.608889
23.920000
30.684444
32.097778
30.933332
30.657778
28.835556
23.271111
24.186666
29.964445
31.013334
35.439999
26.391111
41.119999
26.222221
25.342222
25.475555
30.275555
25.706667
24.284445
29.315556
22.933332
23.066668
25.600000
21.866667
22.017778
28.684444
25.866667
21.848888
22.657778
21.884445
25.208889
21.413334
22.186666
21.324444
21.795555
21.146667
25.137777
24.151112
22.355556
22.257778
25.057777
22.168888
16.302221
24.693333
17.093334
18.026667
22.755556
21.920000
26.462223
28.248888
32.764446
26.764444
25.724445
31.626667
27.511110
30.506666
22.959999
26.417778
24.515556
23.742222
26.568890
25.431110
24.959999
24.791111
27.102222
26.515556
28.186666
25.973333
26.577778
24.462223
23.111111
26.951111
23.155556
22.480000
28.062222
22.568890
26.204445
26.995556
26.595556
24.257778
28.337778
22.808889
26.844444
19.280001
18.044445
19.724445
22.240000
19.626667
21.964445
24.711111
24.959999
21.048889
