386.700012
343.111115
332.817780
334.817780
245.777771
245.884445
278.648895
209.484451
270.248901
213.688889
216.266663
191.137772
214.186661
148.453339
156.133331
164.648895
210.177780
148.435562
147.893326
152.506668
208.097778
185.128891
151.706665
148.062225
207.431107
162.711105
175.004440
193.288895
211.039993
163.502228
193.635559
148.746674
208.222229
152.933334
162.995560
158.720001
224.782227
148.195557
148.426666
159.715561
211.724442
173.288895
136.720001
126.151108
184.888885
124.728889
147.493332
198.124451
129.191116
126.631111
187.955551
127.342224
131.102219
138.844452
140.053329
66.391113
34.666668
44.808887
47.857777
51.573334
57.599998
51.724445
55.066666
44.488888
50.168888
56.897778
57.013332
45.155556
49.928890
51.431110
56.595554
58.417778
37.653332
50.195557
42.693333
53.084446
48.711113
46.871113
40.071110
43.057777
42.373333
48.533333
39.511112
37.111111
43.031113
42.631111
60.017776
36.293335
36.088890
34.275555
39.031113
36.995556
43.413334
46.986668
26.551111
26.826666
24.986666
26.764444
35.911110
29.893333
25.306667
26.106667
36.675556
28.035555
36.799999
41.564445
25.217777
25.377777
35.191113
33.022221
38.959999
31.253334
33.333332
37.386665
40.311111
31.893333
39.768890
37.191113
40.906666
38.764446
37.475555
37.715557
44.177776
38.924446
37.742222
39.146667
40.426666
45.235554
43.626667
58.968887
38.071110
45.031113
48.311111
42.515556
37.982224
37.866665
46.124443
47.564445
43.431110
39.146667
44.320000
51.902222
48.311111
41.662224
36.373333
45.342224
42.657776
43.217777
40.684444
41.831112
35.244446
40.497776
44.160000
43.315556
35.608891
36.560001
47.893333
42.533333
43.342224
35.742222
38.417778
43.111111
36.897778
41.315556
45.919998
35.048889
36.222221
45.040001
41.777779
41.351112
41.573334
49.573334
35.964443
43.502224
36.951111
42.186668
39.671112
46.835556
42.560001
41.804443
46.417778
38.213333
41.884445
39.128887
36.151112
35.893333
35.911110
46.044445
39.306667
36.133335
40.933334
41.848888
52.773335
40.951111
37.742222
48.133335
47.200001
35.973331
42.631111
43.875557
45.617779
46.951111
44.168888
37.902222
46.213333
51.377777
41.475555
41.866665
43.084446
40.728889
41.671112
42.266666
37.671112
41.439999
41.502224
41.733334
50.293335
41.439999
43.022221
46.053333
36.373333
47.262222
37.084446
46.284443
37.635555
43.262222
43.102222
41.537777
39.502224
40.551109
39.217777
38.782223
48.346668
45.982224
36.408890
46.240002
42.115555
43.564445
41.946667
37.226665
37.662224
36.017776
41.644444
40.648888
46.008888
36.044445
35.937778
39.191113
41.804443
35.413334
33.208889
