386.700012
341.359985
340.328888
269.875549
264.942230
276.551117
268.506653
264.915558
262.844452
263.573334
259.075562
267.804443
272.799988
262.577789
259.262207
269.502228
303.333344
302.675568
298.826660
258.515564
255.724442
263.351105
274.968903
265.413330
255.795563
258.382233
252.915558
260.284454
259.200012
225.955551
228.613327
231.333328
221.022217
224.551117
218.559998
223.182220
217.075562
222.728882
223.813339
215.422226
215.031113
220.764450
165.057785
161.502228
159.982224
166.924438
160.355560
166.124451
163.839996
158.382217
145.511108
156.453339
150.551117
137.679993
132.986664
147.520004
141.395554
140.213333
131.271118
134.666672
136.524445
136.364441
145.386673
141.502228
135.573334
146.995560
151.475555
135.279999
134.977783
182.373337
149.831116
148.862228
158.097778
150.497772
140.399994
141.564438
134.053329
140.444443
146.533340
140.764450
150.293335
141.146667
136.257782
136.764450
149.724442
139.964447
150.151108
140.720001
148.773331
153.315552
149.484451
156.391113
144.551117
147.697784
137.440002
137.279999
142.097778
139.235550
136.506668
148.933334
150.622223
150.897781
146.399994
148.302216
155.288895
143.555557
145.404449
141.199997
142.417770
152.613327
143.253326
145.733337
145.875549
142.213333
144.311111
140.577774
142.808884
154.293335
151.804443
140.302216
151.688889
178.017776
194.000000
180.746674
174.791107
180.586670
190.053329
179.137772
197.377777
173.155548
186.115555
131.279999
121.182220
130.657776
134.595551
132.942215
131.813339
137.902222
131.013336
129.333328
140.888885
132.364441
142.142227
130.453339
125.271111
135.182220
132.257782
126.951111
130.720001
125.004448
136.515549
133.093338
135.475555
131.253326
131.066666
162.471115
142.479996
123.199997
131.217773
128.453339
132.124451
139.119995
136.142227
133.315552
134.026672
129.422226
132.062225
126.702225
128.080002
129.271118
122.497780
131.795563
132.613327
148.515549
126.986664
130.497772
133.155548
142.639999
126.275558
124.293335
135.795563
138.142227
125.742226
126.471107
136.924438
131.039993
133.395554
135.253326
136.542221
126.231110
129.884445
117.111115
124.124443
119.919998
110.622223
99.511108
106.968887
107.902222
102.879997
98.346664
122.711113
101.022224
96.791115
100.888885
95.955559
104.177780
96.835556
106.453331
97.768890
100.542221
96.231110
99.066666
106.666664
102.844444
102.115555
99.697777
98.924446
101.795555
108.044441
98.648888
99.368889
95.208885
104.462219
100.995552
101.982224
101.973335
103.919998
104.026665
97.644447
95.777779
101.688889
93.173332
99.199997
46.791111
50.160000
50.373333
45.813332
43.297779
59.973331
58.951111
55.919998
48.746666
50.364445
55.128887
58.035557
55.902222
51.431110
65.662224
50.560001
44.266666
49.235554
