386.700012
339.760010
261.706665
291.573334
299.288879
293.920013
329.795563
309.484436
288.568878
292.906677
326.293335
299.217773
312.640015
255.235550
254.071106
215.813339
239.555557
280.737793
234.373337
193.199997
193.982224
193.511108
270.551117
213.253326
220.399994
223.288895
275.333344
224.106674
225.039993
329.333344
299.422211
331.928894
291.653320
323.813324
319.777771
234.577774
103.777779
101.973335
107.368889
108.391113
115.875557
124.000000
134.240005
246.533340
130.257782
122.720001
144.622223
146.462219
136.186661
58.897778
64.053337
73.208885
82.266670
64.835556
70.311111
73.671112
62.737778
65.839996
59.466667
60.133335
59.368889
55.333332
57.795555
64.124443
60.657776
73.422226
58.639999
55.706665
67.404442
55.528889
58.542221
53.573334
66.417778
67.813332
51.262222
66.791115
53.511112
62.657776
64.160004
49.466667
72.088890
54.088890
69.102219
55.155556
52.044445
60.293335
73.768890
73.804443
54.417778
55.306667
54.613335
62.115555
53.200001
69.191109
65.173332
64.906670
65.857780
65.297775
64.480003
71.573334
56.417778
55.155556
55.128887
68.266670
71.475555
62.862221
60.675556
80.862221
70.426666
55.928890
66.080002
68.426666
59.706665
58.666668
68.231110
56.444443
56.968887
58.888889
62.746666
59.573334
71.653336
55.697777
65.680000
54.488888
60.106667
67.404442
56.168888
61.502224
49.813332
45.831112
46.053333
44.933334
45.173332
52.986668
52.177776
52.328888
69.031113
54.062222
50.791111
52.124443
52.435555
52.186668
47.742222
57.022221
39.520000
43.315556
46.302223
47.928890
53.422222
44.728889
41.271111
45.217777
30.817778
39.671112
37.075554
34.880001
33.982224
22.364445
30.035555
30.586666
22.506666
25.813334
26.124445
27.920000
21.777779
25.306667
34.835556
32.631111
28.604445
32.133335
24.968889
23.697779
27.048889
26.444445
26.124445
29.742222
29.511110
25.795555
24.097778
24.400000
28.408890
20.142221
26.719999
25.182222
28.426666
32.168888
26.533333
24.506666
27.733334
28.435556
25.297777
27.360001
26.871111
26.613333
27.626667
27.760000
28.133333
27.928888
27.537777
25.768888
23.280001
29.502222
27.057777
29.671112
31.004444
31.848888
31.973333
37.759998
30.284445
31.884445
30.444445
33.493332
29.715555
27.360001
43.875557
42.746666
42.346668
44.497776
51.235554
49.591110
44.631111
49.048889
45.680000
42.124443
46.604443
44.453335
44.462223
48.080002
44.684444
45.333332
56.266666
70.879997
43.040001
43.706665
45.022221
44.951111
56.648888
42.080002
57.226665
44.791111
52.088890
43.137779
59.191113
42.257778
53.057777
44.657776
48.328888
53.982224
43.875557
44.871113
43.279999
