386.700012
345.813324
346.720001
284.382233
273.706665
262.079987
280.133331
280.782227
290.871124
315.564453
300.648895
306.782227
226.160004
236.355560
236.702225
223.422226
251.164444
219.893326
242.826660
220.204437
275.768890
298.586670
292.746674
294.515564
237.555557
243.271118
240.364441
234.924438
240.417770
263.475555
207.857773
213.520004
206.222229
208.791107
208.479996
207.244446
223.546661
206.800003
204.915558
210.711105
206.986664
152.364441
150.275558
166.080002
200.328888
157.706665
149.360001
145.671112
144.115555
140.488892
141.333328
149.386673
150.008896
146.453339
159.893326
147.333328
156.417770
164.728882
144.720001
140.800003
146.844452
145.244446
160.968887
150.320007
147.466660
150.888885
152.826660
149.360001
145.039993
148.755554
148.844452
147.457779
167.751114
144.915558
148.106674
153.964447
147.884445
150.071106
156.604446
155.822220
147.306671
148.577774
147.919998
148.995560
151.333328
149.706665
146.168884
145.555557
178.702225
149.520004
141.715561
145.644440
146.924438
143.537781
149.795563
155.448883
166.737778
208.062225
146.746674
148.106674
148.115555
149.111115
148.577774
149.555557
151.831116
149.848892
149.600006
149.306671
154.977783
149.919998
150.071106
149.839996
145.875549
191.502228
165.288895
147.022217
148.088882
145.644440
143.591110
164.684448
150.417770
160.000000
158.568893
163.244446
167.635559
160.720001
165.644440
171.137772
162.880005
171.742218
172.062225
161.199997
158.017776
163.039993
148.871109
141.617783
76.000000
66.631111
65.262222
63.795555
64.008888
64.888885
66.364441
68.782219
61.217777
76.924446
78.480003
59.751110
62.844444
57.742222
55.333332
56.728889
61.848888
63.297779
68.391113
67.751114
63.573334
63.084446
59.653332
63.911110
61.422222
59.582222
66.417778
63.937778
64.106667
61.031113
60.035557
62.968887
62.400002
62.560001
32.257778
28.657778
27.075556
33.146667
28.142221
29.386667
20.320000
23.866667
33.022221
22.240000
24.711111
29.377777
22.773333
26.595556
28.382223
29.644444
26.177778
26.631111
27.484444
27.893333
25.964445
24.311111
23.795555
25.760000
25.262222
24.533333
25.964445
22.444445
27.902222
21.644444
34.462223
24.311111
19.644444
25.111111
23.333334
19.875555
22.097778
23.466667
23.777779
23.902222
23.688889
24.044445
19.991112
21.404444
25.466667
23.368889
34.231110
33.048889
35.448891
36.088890
30.737778
32.480000
37.528889
34.088890
33.680000
34.186668
38.826668
39.591110
38.435555
37.520000
37.244446
38.115555
48.062222
34.746666
40.035557
51.200001
39.137779
41.671112
38.168888
39.680000
38.382221
37.493332
40.782223
39.831112
45.235554
54.959999
39.635555
45.804443
40.097778
38.026669
50.035557
