386.700012
335.448883
296.355560
303.359985
271.048889
258.604431
211.208893
231.991104
206.408890
207.884445
222.506668
211.653336
195.448883
249.724442
252.862228
243.644440
248.764450
207.884445
194.986664
197.013336
131.813339
124.062225
127.866669
21.146667
25.813334
25.751112
27.911112
38.453335
33.626667
24.222221
31.795555
45.040001
33.715557
26.702223
31.155556
29.120001
22.782223
33.617779
27.928888
29.351110
31.120001
40.293335
28.284445
30.879999
28.755556
33.715557
29.431110
35.644444
29.742222
31.662222
31.004444
27.022223
32.320000
28.320000
25.786667
25.893333
28.080000
29.777779
27.928888
26.684444
29.857779
24.986666
27.635555
28.666666
21.804445
21.048889
30.622223
27.884445
27.128889
23.315556
22.302221
20.311111
23.857779
22.177778
27.128889
30.648890
26.497778
17.475555
24.826666
28.097778
24.382223
24.568890
30.400000
26.755556
24.835556
21.911112
25.555555
19.786667
17.155556
13.786667
20.604445
15.786667
19.511110
29.075556
22.817778
25.848888
18.639999
26.053333
26.293333
27.057777
26.871111
30.639999
26.453333
25.004444
26.222221
23.573334
30.622223
34.151112
39.262222
23.866667
24.639999
32.186668
20.266666
18.613333
16.826666
16.906666
18.533333
15.084444
27.635555
18.684444
24.879999
20.595556
17.893333
19.617777
25.822222
18.160000
21.920000
22.151112
16.124445
20.853333
16.799999
18.400000
19.262222
18.213333
17.875555
20.506666
16.231112
21.066668
21.724445
16.986666
25.644444
20.799999
18.746666
23.448889
17.457777
21.573334
26.799999
17.502222
17.386667
18.088888
15.520000
16.417778
16.906666
20.133333
16.266666
16.382223
20.897778
23.591110
19.288889
28.542223
16.524445
20.480000
16.711111
20.684444
17.875555
15.128889
14.684444
20.293333
23.342222
15.795555
15.528889
21.022223
23.031111
19.928888
21.564444
22.551111
24.480000
19.768888
21.582222
16.764444
21.546667
21.342222
23.448889
25.280001
22.915556
19.031111
22.791111
18.995556
20.355556
26.577778
19.075556
21.084444
24.559999
21.324444
23.911112
22.755556
21.911112
26.995556
21.084444
22.764444
26.764444
20.231112
21.626667
23.235556
19.368889
16.026667
21.760000
18.808889
21.075556
24.053333
21.600000
22.986666
16.231112
22.373333
22.168888
18.426666
21.377777
21.288889
14.444445
22.577778
18.897778
16.933332
21.271111
19.582222
17.511110
21.360001
26.639999
30.737778
21.902222
22.586666
24.408890
24.311111
22.639999
25.191111
24.320000
21.911112
23.777779
26.604445
17.688889
28.293333
24.062222
24.435556
21.795555
21.786667
19.226667
24.631111
26.222221
20.293333
26.106667
23.564444
23.671112
