386.700012
343.582214
329.617767
291.866669
305.484436
256.533325
208.711105
212.951111
234.968887
205.111115
204.115555
206.231110
224.755554
172.462219
165.084442
166.364441
172.862228
168.177780
164.293335
172.417770
163.182220
161.928894
144.266663
148.071106
137.502228
138.497772
131.297775
137.520004
137.377777
131.404449
132.506668
130.035553
128.551117
133.804443
142.328888
133.768890
135.395554
142.408890
136.364441
123.057777
134.355560
131.235550
65.199997
64.826668
70.595558
64.853333
68.737778
60.862221
70.835556
65.928886
66.622223
68.053337
66.773331
65.582222
69.573334
67.235558
65.360001
70.204445
65.528893
62.542221
68.568886
64.222221
71.973335
67.680000
61.297779
60.648888
66.275558
68.995552
63.093334
72.035553
63.751110
60.684444
60.302223
64.346664
71.199997
71.857780
68.471107
65.724442
66.977776
63.182220
63.040001
55.884445
64.142220
66.533333
63.342224
62.453335
60.328888
63.813332
74.702225
64.915558
64.008888
66.773331
63.075554
57.137779
65.368889
61.866665
65.208885
69.768890
67.288887
67.537781
81.191109
71.795555
70.657776
66.488892
63.964443
62.231110
60.204445
54.240002
60.364445
60.844444
58.799999
59.102222
64.844444
59.804443
68.302223
68.542221
58.684444
56.044445
62.080002
58.017776
61.093334
64.782219
62.435555
71.466667
56.053333
64.355553
61.200001
56.737778
61.937778
64.035553
63.493332
57.973331
57.937778
61.004444
52.142223
57.422222
58.346668
61.182220
60.915554
56.000000
50.782223
36.880001
56.026669
41.342224
44.986668
46.062222
49.644444
40.862221
39.804443
41.591110
36.888889
34.408890
38.106667
49.244446
44.720001
43.662224
50.533333
53.582222
45.573334
46.933334
42.995556
45.404446
30.951111
34.924446
16.133333
16.977777
15.528889
35.022221
24.115555
18.844444
29.466667
20.222221
14.737778
17.422222
15.164444
23.475555
22.808889
16.453333
24.586666
23.342222
20.568890
21.982222
18.302221
13.937778
19.244444
13.760000
15.813334
17.866667
15.973333
20.737778
15.822222
18.542223
17.555555
21.848888
15.208889
21.724445
21.315556
25.057777
23.271111
20.346666
19.377777
22.320000
25.920000
21.582222
19.991112
24.062222
25.635555
19.884445
23.582222
28.302221
24.542223
20.462223
24.773333
19.911112
19.448889
23.857779
15.448889
20.186666
16.577778
17.333334
15.404445
18.995556
20.133333
22.106667
20.648890
19.973333
22.293333
22.515556
23.591110
25.866667
20.977777
17.866667
22.417778
23.333334
23.306667
22.231112
25.386667
20.559999
23.288889
20.959999
23.208889
24.151112
19.128889
22.559999
23.217777
22.053333
29.724445
22.053333
24.168888
23.626667
25.075556
