386.700012
372.924438
350.568878
356.862213
359.591125
339.733337
341.493347
343.137787
339.502228
353.679993
357.813324
350.720001
348.675568
295.200012
338.808899
274.613342
254.160004
260.871124
249.848892
271.600006
251.066666
267.822235
257.457764
299.706665
288.337769
275.244446
255.919998
264.755554
286.497772
274.693329
254.817780
259.591125
212.764450
195.173340
203.431107
197.964447
197.457779
190.248886
192.604446
189.155548
197.831116
207.742218
205.653336
203.617783
205.351105
207.048889
203.022217
208.817780
200.720001
197.662216
189.688889
188.728882
202.835556
221.813339
190.373337
208.355560
201.377777
200.897781
200.542221
194.071106
190.115555
199.831116
139.937775
126.844444
125.324448
135.422226
124.524445
120.728889
122.008888
119.191109
128.453339
116.480003
116.311111
113.671112
111.395554
114.515556
160.355560
112.933334
108.080002
110.542221
110.844444
105.297775
89.422226
89.048889
93.431114
100.426666
93.680000
86.977776
90.746666
94.604446
131.137772
109.902222
94.506668
126.524445
110.853333
109.591110
94.737778
90.320000
87.680000
79.164444
75.724442
79.768890
78.959999
78.800003
81.537781
73.591110
79.102219
74.800003
73.306664
72.115555
66.542221
71.964447
76.951111
74.106667
72.844444
75.662224
73.928886
71.226669
79.271111
74.284447
75.040001
71.235558
69.946663
72.097778
76.577774
83.057777
75.013336
77.591110
73.128891
75.857780
68.817780
78.088890
76.284447
67.937775
70.551109
77.680000
75.671112
76.213333
30.222221
37.688889
38.115555
29.191111
34.062222
35.093334
31.431110
32.551109
33.235554
26.666666
28.142221
31.128889
51.937778
39.484444
39.591110
34.942223
34.817780
33.804443
36.906666
36.284443
34.577778
38.346668
36.968887
37.217777
31.057777
40.168888
36.080002
31.742222
34.942223
41.475555
35.964443
37.697777
31.377777
29.911112
36.213333
27.120001
38.880001
36.560001
40.053333
37.626667
41.022221
38.551109
31.173334
36.320000
39.004444
35.279999
39.733334
35.777779
39.822224
34.959999
36.462223
39.279999
37.262222
37.422222
38.337776
32.151112
38.835556
33.297779
36.675556
29.146667
37.875557
35.688889
33.555557
28.791111
27.831112
36.880001
31.893333
38.586666
33.537777
38.471111
34.506668
35.715557
33.742222
31.235556
34.168888
37.599998
31.786667
28.533333
33.271111
34.951111
31.484444
30.275555
45.875557
33.973331
32.942223
31.706667
27.591110
29.928888
35.742222
28.186666
32.791111
29.964445
35.502224
34.160000
37.582222
34.195557
29.360001
26.897778
38.773335
34.160000
27.448889
31.484444
34.106667
33.066666
36.808887
32.844444
28.266666
31.946667
21.857779
32.577778
28.755556
33.537777
42.088890
