386.700012
340.488892
337.413330
349.031097
342.586670
345.564453
355.297791
314.328888
302.959991
309.573334
300.533325
278.755554
254.862228
253.253326
258.097778
279.342224
259.484436
264.417786
260.693329
259.226654
261.786652
258.035553
256.684448
263.813324
252.088882
259.813324
207.057785
216.995560
212.755554
203.031113
217.324448
265.235565
216.995560
213.164444
210.728882
272.568878
240.524445
243.039993
233.635559
228.631104
235.199997
223.955551
180.284439
178.506668
193.128891
185.662216
185.217773
173.831116
185.600006
184.346664
187.537781
197.173340
185.742218
232.240005
199.768890
179.564438
195.368896
180.968887
194.071106
181.511108
189.955551
122.764442
130.720001
131.182220
134.142227
130.346664
132.053329
124.675552
130.586670
129.475555
124.257774
121.555557
132.000000
150.462219
132.888885
133.395554
135.342224
130.551117
132.862228
132.240005
131.511108
122.791115
127.839996
132.586670
134.746674
132.800003
131.288895
57.013332
58.444443
55.573334
56.088890
59.386665
55.271111
57.893333
58.115555
58.799999
59.235554
58.835556
77.635559
53.395557
58.160000
59.208889
58.720001
58.097778
58.293335
52.168888
62.844444
60.959999
61.742222
60.160000
61.591110
55.448891
57.137779
55.066666
53.191113
59.742222
57.404446
57.662224
63.377777
60.737778
58.604443
60.799999
66.684448
60.008888
58.986668
64.151108
60.026669
63.857777
63.226665
60.435555
57.164444
55.297779
57.599998
60.862221
60.080002
57.911110
92.924446
55.911110
59.608891
62.604443
61.502224
59.084446
68.631111
56.871113
59.155556
63.573334
59.297779
50.231110
56.880001
62.657776
50.471111
56.088890
54.862221
56.231110
54.897778
57.964443
45.982224
56.728889
56.151112
55.697777
52.808887
54.604443
60.480000
55.680000
57.066666
54.053333
51.662224
56.604443
55.840000
62.168888
55.466667
55.893333
55.653332
57.084446
55.697777
61.155556
58.959999
53.733334
55.733334
56.648888
56.871113
56.577778
56.542221
51.982224
54.266666
56.799999
57.759998
58.204445
62.639999
60.133335
64.035553
54.924446
56.160000
57.697777
60.222221
59.439999
55.502224
49.119999
56.248890
63.475555
59.306667
62.133335
57.511112
56.151112
59.511112
53.662224
57.502224
58.008888
58.924446
56.871113
55.244446
57.315556
55.502224
59.964443
56.231110
55.493332
70.168892
62.666668
57.084446
52.302223
64.080002
53.751110
59.502224
53.608891
59.208889
53.466667
60.871113
59.893333
57.226665
59.511112
55.751110
52.897778
57.431110
62.826668
56.782223
63.653332
58.231110
59.235554
58.480000
56.791111
56.355556
48.613335
59.057777
53.502224
58.257778
52.035557
58.195557
59.208889
65.617775
66.382225
58.417778
