386.700012
337.173340
293.706665
180.862228
183.279999
184.266663
184.755554
182.782227
183.199997
236.888885
254.382217
252.666672
260.728882
289.395569
281.600006
278.160004
236.559998
280.097778
276.364441
243.368896
197.724442
183.146667
225.288895
175.253326
186.551117
186.862228
181.440002
171.128891
169.164444
167.617783
178.737778
167.155548
169.928894
191.004440
163.315552
176.568893
168.728882
163.751114
166.240005
164.586670
166.142227
167.395554
161.955551
161.235550
160.844452
163.768890
159.591110
157.306671
154.488892
157.955551
96.862221
92.124443
87.164444
89.173332
88.391113
89.297775
63.093334
66.853333
67.582222
65.946663
71.173332
60.400002
68.791115
58.008888
69.626663
58.471111
65.786667
64.231110
63.244446
45.919998
57.191113
50.942223
49.599998
53.226665
53.377777
48.977779
50.506668
54.488888
45.733334
52.337776
46.613335
51.439999
45.315556
47.840000
47.173332
46.008888
72.213333
50.524445
45.297779
48.026669
45.706665
48.213333
46.897778
44.026669
50.364445
51.724445
49.484444
53.617779
48.524445
55.591110
52.177776
52.408890
50.808887
63.146667
46.764446
43.235554
51.688889
48.435555
44.186668
49.484444
45.608891
46.257778
50.435555
51.191113
49.226665
49.022221
47.875557
46.844444
52.657776
53.911110
51.048889
49.893333
45.360001
40.977779
43.279999
40.568890
35.084446
32.515556
36.968887
35.413334
36.782223
35.715557
42.177776
35.617779
33.404446
39.982224
37.386665
32.631111
39.555557
28.808889
29.377777
30.471111
33.128887
31.120001
32.088890
28.302221
25.644444
26.639999
25.733334
27.315556
27.031111
27.217777
26.693333
25.102222
21.635555
28.817778
26.417778
26.613333
26.817778
28.666666
26.897778
29.733334
22.871111
26.524445
22.959999
27.635555
28.604445
24.124445
27.040001
34.133335
42.417778
32.328888
29.617777
34.435555
31.991112
33.022221
38.764446
25.564444
28.506666
33.173332
28.533333
27.466667
29.955555
33.804443
31.280001
30.826666
27.564444
30.515556
29.964445
33.119999
31.946667
32.017776
36.773335
29.164444
29.955555
29.928888
28.631111
31.742222
31.555555
25.582222
33.635555
28.782223
38.871113
41.466667
26.391111
34.684444
32.844444
31.342222
28.302221
33.893333
31.813334
28.835556
31.857779
30.097778
27.928888
40.115555
23.777779
30.648890
26.097778
38.622223
44.746666
30.799999
35.288887
38.266666
29.333334
25.120001
26.044445
32.835556
25.288889
24.613333
22.426666
35.911110
32.355556
28.088888
29.457777
35.680000
26.755556
27.155556
29.431110
27.155556
26.675556
28.080000
28.648890
28.017778
27.306667
23.066668
29.484444
34.942223
23.840000
28.684444
29.520000
