386.700012
332.968903
335.902222
339.244446
340.684448
313.440002
328.933319
249.315552
252.417770
308.275543
264.062225
268.844452
275.306671
297.848877
205.804443
212.346664
211.759995
204.320007
149.991104
164.488892
156.755554
157.564438
161.324448
156.533340
156.399994
184.088882
137.102219
195.057785
192.142227
186.266663
119.706665
52.373333
46.222221
49.511112
56.684444
51.448891
49.680000
50.408890
54.622223
60.373333
61.546665
56.684444
57.555557
57.706665
59.066666
59.662224
62.817780
60.631111
61.422222
62.808887
59.626667
62.240002
59.733334
55.902222
57.591110
55.946667
61.493332
61.582222
62.346668
60.897778
60.391109
57.928890
61.599998
58.657776
60.346668
66.524445
63.253334
68.115555
61.182220
62.986668
63.511112
64.559998
66.053337
63.680000
82.346664
64.559998
60.071110
74.000000
69.573334
70.355553
77.386665
67.262222
72.168892
66.720001
62.604443
59.315556
65.217781
62.284443
67.982224
57.733334
64.826668
62.782223
66.124443
56.560001
64.800003
67.137779
64.720001
64.942223
65.191109
68.711113
64.737778
58.764446
58.533333
62.568890
65.093330
69.626663
67.599998
65.013336
63.759998
66.026665
66.559998
66.933334
65.946663
64.631111
64.595558
62.604443
71.546669
70.346664
61.724445
68.888885
63.200001
68.231110
62.755554
75.475555
71.155556
72.515556
70.826668
71.946663
71.431114
74.657776
71.191109
72.675552
69.271111
73.466667
77.502220
73.262222
70.951111
73.306664
72.711113
73.751114
72.186668
71.368889
65.591110
72.853333
73.466667
74.239998
72.755554
73.048889
69.982224
69.448891
65.857780
74.417778
68.871109
70.204445
67.351112
73.395554
71.653336
71.297775
71.351112
70.559998
69.377777
68.035553
72.115555
71.093330
71.404442
70.115555
65.288887
66.968887
67.964447
69.546669
68.853333
67.120003
63.662224
68.168892
60.942223
67.093330
58.808887
66.666664
66.542221
66.933334
66.942223
66.764442
62.231110
68.879997
66.711113
66.266670
64.097778
67.724442
66.720001
68.284447
66.995552
66.542221
66.817780
66.977776
66.453331
65.511108
64.302223
66.204445
65.111115
62.560001
69.066666
53.795555
65.457779
61.217777
68.906670
71.839996
58.017776
65.671112
68.604446
70.133331
66.062225
62.897778
64.071114
69.351112
70.826668
70.702225
71.599998
67.360001
66.773331
69.164444
64.142220
66.613335
73.226669
68.400002
68.337776
66.346664
71.191109
70.462219
68.106667
69.360001
68.728889
65.875557
68.471107
72.639999
69.991112
72.222221
71.733330
73.751114
71.057777
69.928886
69.706665
71.671112
70.266670
70.791115
68.320000
70.160004
68.906670
69.084442
66.542221
69.680000
64.808891
