386.700012
347.253326
276.746674
309.306671
326.559998
318.168884
278.604431
286.746674
255.093338
283.795563
254.808884
262.542236
253.671112
264.168884
216.000000
212.906662
207.973328
215.031113
233.297775
206.746674
169.039993
202.568893
174.746674
175.315552
175.644440
119.573334
119.031113
45.608891
40.924446
22.817778
22.773333
19.786667
23.902222
18.737778
16.480000
15.004444
18.897778
14.373333
13.991111
15.920000
20.320000
33.919998
17.973333
18.240000
15.333333
17.537777
18.480000
11.804444
14.622222
14.595555
17.857779
17.288889
21.377777
19.466667
25.617777
18.666666
17.208889
29.813334
27.893333
16.906666
20.480000
16.355556
19.475555
17.120001
18.284445
29.715555
17.262222
21.786667
17.093334
14.373333
22.844444
32.604443
20.382223
19.768888
25.031111
28.000000
24.480000
27.680000
21.208889
26.222221
26.400000
30.826666
24.737778
21.075556
20.364445
21.751112
19.680000
22.204445
22.400000
24.871111
24.906666
25.840000
28.355556
23.075556
20.044445
25.600000
20.746666
18.897778
21.244444
17.697779
14.488889
16.506666
16.071112
21.502222
18.053333
19.484444
16.364445
16.142221
16.320000
18.746666
14.346666
19.315556
18.631111
21.600000
23.360001
17.084444
20.177778
19.351110
24.968889
23.626667
24.444445
20.364445
21.733334
21.857779
20.417778
18.400000
17.884445
13.866667
20.160000
23.537777
22.026667
19.964445
20.799999
22.648890
23.857779
23.075556
23.813334
19.431110
19.955555
24.115555
25.093334
18.711111
22.755556
25.991112
20.044445
21.564444
25.591110
22.568890
24.240000
25.511110
24.746666
24.160000
18.471111
24.595556
19.022223
20.400000
18.604445
22.142221
20.533333
15.937778
20.097778
19.751112
16.231112
12.986667
13.582222
17.146667
10.657778
16.782223
15.573334
10.684444
15.582222
14.462222
15.297778
15.217778
17.706667
14.204445
21.102222
15.804444
15.768888
16.071112
14.106667
16.337778
15.048889
16.417778
18.328888
18.408890
17.680000
11.342222
15.520000
14.071111
15.582222
16.284445
17.848888
14.177778
18.586666
17.164444
14.035556
13.662222
12.417778
18.924444
13.351111
12.284445
15.697778
15.280000
12.444445
15.022223
17.031111
16.000000
17.120001
17.386667
22.737778
18.364445
17.120001
14.204445
18.302221
17.671112
14.817778
19.137777
18.355556
13.911111
17.715555
17.431110
15.546667
11.786667
15.448889
19.920000
13.582222
21.520000
17.626667
17.742222
17.973333
18.693333
18.026667
16.933332
17.084444
18.275555
18.026667
23.626667
19.973333
16.924444
16.533333
16.977777
20.586666
18.693333
17.857779
15.955556
19.795555
20.044445
17.840000
15.013333
15.342222
