386.700012
336.595551
303.111115
302.471100
296.044434
295.848877
320.977783
323.733337
323.964447
310.151123
264.817780
259.102234
217.155548
257.546661
211.128891
275.368896
219.813339
165.368896
161.911118
165.751114
143.288895
139.173340
144.568893
143.804443
143.422226
144.275558
145.688889
163.288895
156.737778
160.373337
233.360001
169.084442
199.937775
140.417770
140.097778
141.199997
143.733337
152.533340
145.226669
176.115555
150.844452
164.728882
152.479996
149.600006
138.657776
142.186661
150.053329
138.622223
139.706665
136.622223
157.351105
139.546661
143.226669
126.124443
122.453331
119.164444
22.586666
23.768888
20.791111
24.320000
25.742222
24.888889
19.715555
25.848888
25.262222
31.982222
29.288889
31.937778
29.484444
25.875555
20.746666
20.266666
21.715555
24.480000
25.208889
18.933332
23.200001
21.262222
20.266666
17.688889
25.280001
18.266666
18.044445
19.484444
23.084444
21.982222
19.217777
24.506666
27.306667
21.333334
19.840000
20.648890
21.111111
22.400000
30.977777
26.808889
27.324444
28.248888
23.244444
24.604445
23.600000
18.906666
29.626667
26.648890
23.075556
25.635555
23.368889
23.244444
28.106667
25.235556
27.280001
26.862223
23.635555
31.217777
31.546667
33.671112
30.684444
28.604445
35.644444
28.986666
30.515556
25.093334
23.822222
26.613333
23.742222
33.342224
22.497778
23.786667
27.368889
33.004444
31.937778
32.737778
29.955555
26.924444
30.462223
33.777779
23.680000
32.408890
26.168888
33.137779
26.195555
29.591110
29.511110
28.231112
23.982222
28.293333
27.840000
25.777779
28.097778
28.968889
23.013334
28.124445
35.404446
29.466667
28.755556
34.160000
39.297779
42.906666
41.928890
42.835556
43.617779
41.973331
45.795555
41.493332
45.377777
42.657776
45.386665
45.848888
48.355556
46.151112
45.866665
46.906666
47.688889
44.924446
44.195557
43.244446
44.062222
47.004444
46.568890
42.648888
45.404446
40.773335
42.604443
47.368889
43.368889
45.884445
43.191113
42.488888
42.711113
42.320000
43.386665
39.777779
39.271111
40.986668
45.786667
43.448891
44.195557
43.128887
42.835556
40.195557
43.297779
38.035557
45.315556
37.244446
42.462223
39.671112
35.884445
39.857777
36.622223
36.631111
36.728889
34.320000
33.164444
36.853333
36.533333
35.582222
37.982224
34.568890
31.786667
32.942223
34.035557
29.822222
30.293333
27.306667
27.635555
27.191111
29.226667
28.044445
27.057777
25.377777
28.035555
29.084444
25.724445
24.826666
25.662222
22.986666
26.071112
29.368889
28.613333
27.671112
30.248888
32.222221
30.808889
27.004444
21.680000
32.257778
28.924444
33.964443
34.177776
30.506666
34.186668
