55
54
53
52
52
52
52
52
52
52
52
51
51
51
51
51
51
51
51
51
51
51
51
51
51
51
51
51
51
51
51
51
51
51
51
51
50
50
50
50
50
50
50
50
50
50
50
50
50
50
50
50
50
50
50
50
50
50
50
50
50
50
50
50
50
50
50
50
50
50
50
50
50
50
50
50
50
50
50
50
50
50
50
50
50
50
50
50
50
50
50
50
50
50
50
50
50
50
50
50
50
50
50
50
50
50
50
50
50
50
50
50
50
50
50
50
50
50
50
50
50
50
50
50
49
49
49
49
49
49
49
49
49
49
49
49
49
49
49
49
49
49
49
49
49
49
49
49
49
49
49
49
48
48
48
48
48
48
48
48
48
48
48
48
48
48
48
48
48
48
48
48
48
48
48
48
48
48
48
48
48
48
48
48
48
48
48
48
48
48
48
48
48
48
48
48
48
48
48
48
48
48
48
48
48
48
48
47
47
47
47
47
47
47
47
47
47
47
47
47
47
47
47
47
47
47
47
46
46
46
46
46
46
46
46
46
46
46
46
46
46
46
46
46
46
46
46
46
46
46
46
46
46
46
46
46
46
46
46
46
46
46
46
46
46
46
46
46
46
46
46
46
46
46
46
46
46
46
46
46
46
46
46
46
46
46
46
46
46
46
46
46
46
46
46
46
46
46
46
46
46
46
46
45
45
45
45
45
45
45
45
45
45
45
45
45
45
45
45
45
45
45
45
45
45
45
44
44
44
44
44
44
44
44
44
44
44
44
44
44
44
44
44
44
44
44
44
44
44
44
44
44
44
44
44
44
44
44
44
44
44
44
44
44
44
44
44
44
44
44
44
44
44
44
44
44
44
44
44
44
44
44
44
44
44
44
44
44
44
44
44
44
44
44
44
44
44
44
44
44
44
44
44
44
44
44
44
44
44
44
44
44
44
44
44
44
44
44
44
44
44
44
44
44
44
44
44
44
44
44
44
44
44
44
44
44
44
44
44
44
44
44
44
44
44
44
44
44
44
44
44
44
44
44
44
44
44
44
44
44
44
44
44
44
44
44
44
44
44
44
44
44
44
44
44
44
44
44
44
44
44
44
44
44
44
44
44
44
44
44
44
44
44
44
44
44
44
44
44
44
44
37
47
51
40
44
44
50
44
32
38
38
34
36
44
43
48
44
50
46
38
44
40
34
52
50
44
35
48
50
30
42
32
40
32
38
46
44
32
30
44
44
36
46
36
40
42
34
42
50
48
40
38
44
40
34
38
36
44
36
42
50
46
40
39
50
48
44
40
36
42
44
51
46
34
52
28
44
36
44
44
34
38
36
31
34
34
44
40
38
42
44
34
42
49
40
36
38
38
40
50
42
48
38
48
38
51
36
50
40
50
48
48
38
44
36
51
40
32
43
42
42
34
44
48
46
48
38
40
36
36
38
44
39
44
38
38
44
36
49
50
48
42
44
40
42
42
36
36
48
44
50
42
38
38
38
38
36
40
40
52
36
36
38
40
50
44
36
44
52
44
36
48
44
44
44
48
50
50
38
36
40
40
38
44
44
49
38
49
43
38
50
48
44
41
38
46
42
37
44
44
36
44
40
46
38
38
36
42
44
38
48
50
42
32
40
35
50
40
40
44
38
47
50
40
34
49
49
40
42
48
36
38
44
44
43
36
38
44
46
46
44
40
42
44
43
38
50
42
40
