0.776
0.777
0.775
0.773
0.773
0.771
0.771
0.769
0.769
0.771
0.771
0.767
0.768
0.767
0.769
0.767
0.769
0.766
0.767
0.767
0.766
0.767
0.768
0.766
0.766
0.767
0.766
0.766
0.767
0.768
0.769
0.767
0.766
0.766
0.772
0.768
0.767
0.764
0.792
0.767
0.773
0.772
0.773
0.775
0.774
0.773
0.769
0.774
0.777
0.779
0.778
0.777
0.78
0.778
0.779
0.779
0.78
0.781
0.781
0.781
0.78
0.78
0.781
0.78
0.777
0.776
0.775
0.776
0.777
0.777
0.777
0.779
0.779
0.779
0.779
0.778
0.778
0.776
0.774
0.773
0.772
0.773
0.775
0.774
0.773
0.771
0.774
0.774
0.774
0.772
0.773
0.772
0.772
0.772
0.775
0.774
0.775
0.769
0.773
0.771
0.765
0.765
0.764
0.762
0.768
0.768
0.769
0.77
0.771
0.771
0.769
0.767
0.766
0.765
0.766
0.765
0.764
0.768
0.767
0.764
0.761
0.767
0.762
0.768
0.769
0.764
0.769
0.767
0.768
0.768
0.77
0.768
0.769
0.769
0.768
0.771
0.773
0.772
0.771
0.772
0.771
0.772
0.773
0.773
0.771
0.771
0.767
0.767
0.768
0.769
0.772
0.771
0.77
0.767
0.766
0.766
0.767
0.766
0.764
0.763
0.769
0.768
0.77
0.767
0.768
0.763
0.763
0.765
0.763
0.762
0.767
0.769
0.765
0.766
0.767
0.765
0.765
0.765
0.764
0.764
0.764
0.763
0.765
0.762
0.766
0.767
0.765
0.766
0.763
0.766
0.765
0.764
0.758
0.757
0.754
0.757
0.855
0.876
0.889
0.889
0.887
0.885
1.864
2.84
4.629
3.078
2.151
2.297
1.828
3.156
3.086
3.594
3.111
3.062
2.854
2.958
2.862
4.552
2.908
2.879
2.825
2.849
2.823
2.835
2.83
3.233
1.03
1.029
4.593
3.093
3.768
2.956
2.076
1.968
1.75
3.013
3.017
3.218
3.034
3.035
2.82
2.781
2.787
3.238
2.857
2.844
2.821
2.826
2.823
2.827
2.799
4.28
3.763
3.784
3.118
2.082
3.751
1.752
2.986
2.993
3.045
2.995
2.97
2.786
2.667
2.764
3.952
2.802
2.785
2.799
2.743
2.755
2.755
2.768
4.712
0.998
1.499
0.84
1.012
1.012
0.846
0.85
0.851
0.851
0.767
0.764
0.763
0.762
0.761
0.761
0.752
0.76
0.76
0.848
0.824
0.827
0.825
0.807
0.818
0.845
0.845
0.846
0.838
0.842
0.84
0.866
1.125
3.723
4.217
3.424
2.197
2.116
1.801
3.068
3.021
3.208
3.054
3.027
3.882
3.581
4.078
3.889
2.844
2.85
2.887
2.836
2.791
2.868
2.857
2.857
1.047
1.014
0.847
2.846
4.011
2.865
2.13
2.08
1.792
2.984
2.945
3.425
3.007
2.977
3.772
3.728
5.779
3.841
2.785
2.797
2.787
2.767
2.767
2.76
2.779
2.766
2.136
5.047
3.912
3.05
3.562
1.741
3.048
2.939
2.935
4.317
2.953
2.946
2.757
2.701
3.877
2.905
2.795
2.811
2.758
2.746
2.759
2.739
2.752
3.852
2.943
3.738
2.89
2.012
1.936
1.718
3.008
2.908
3.257
2.922
2.925
2.73
2.701
2.738
3.473
2.838
2.802
2.786
2.78
2.781
2.802
2.774
4.625
3.647
3.819
3.109
2.079
5.099
1.735
2.971
2.976
3.481
2.999
3.002
2.821
2.798
2.887
3.965
2.839
2.877
3.018
2.784
2.804
2.815
2.824
8.107
1.01
1.009
0.854
0.853
0.857
0.856
0.851
0.841
0.852
3.711
2.753
4.02
2.946
2.063
2.133
1.755
3.018
2.985
3.3
2.982
2.992
2.79
2.783
2.749
4.217
2.866
2.806
2.795
2.739
2.744
2.733
2.691
3.443
3.722
3.749
3.049
2.073
2.019
1.782
2.929
2.92
3.011
2.936
2.923
2.805
1.874
2.968
3.704
2.838
2.832
2.972
2.795
2.794
2.805
2.804
5.423
1.036
3.523
2.564
3.655
2.932
2.679
1.763
1.866
2.995
2.984
6.113
3.001
2.991
2.794
2.751
2.78
2.987
2.873
2.896
2.851
2.843
2.885
2.838
2.86
2.799
2.782
4.275
2.991
2.086
2.166
1.759
3.047
3.004
3.412
3.027
3.02
2.827
2.894
2.823
4.638
2.889
2.869
2.854
2.868
2.849
2.853
2.842
3.21
3.651
3.831
3.199
2.125
2.12
1.758
3.028
3.01
3.113
3.017
3.012
2.927
1.992
3.134
3.816
2.859
2.848
3.255
2.813
2.826
2.817
2.824
5.619
3.059
5.484
3.503
2.217
2.186
2.03
3.107
3.038
3.742
3.138
3.036
5.815
3.156
2.927
3.784
2.868
2.885
2.862
2.786
2.772
2.78
2.796
2.8
2.672
3.936
4.043
3.708
4.278
1.82
3.357
2.989
2.973
4.775
3.011
3.004
2.801
2.737
4.161
2.932
2.846
2.822
2.813
2.812
2.815
2.784
2.797
3.368
2.658
3.825
2.953
2.038
2.028
1.739
3.092
2.992
3.25
3.008
2.971
2.798
2.807
2.782
3.364
2.814
2.829
2.825
2.84
2.85
2.867
2.849
4.416
3.62
3.819
3.206
2.083
4.207
1.785
3.048
3.063
3.147
3.074
3.053
2.865
2.723
2.869
3.675
2.9
2.901
2.992
2.83
2.841
2.841
2.854
5.627
3.217
4.093
3.479
2.157
2.126
1.841
3.049
3.02
3.314
3.089
3.067
3.51
3.399
4.74
4.084
2.939
2.877
2.882
2.892
2.856
2.861
2.882
2.868
3.016
3.968
3.807
2.569
3.025
1.804
3.329
3.062
3.042
3.953
3.043
3.05
2.852
2.789
4.219
2.942
2.894
2.922
2.85
2.846
2.879
2.844
2.862
5.128
2.929
3.649
2.918
2.084
1.902
1.754
3.043
2.976
3.175
2.976
3
2.803
2.8
2.803
3.245
2.842
2.832
2.801
2.808
2.821
2.811
2.779
4.462
1.025
3.738
3.809
3.104
2.087
2.061
1.784
3.009
2.989
3.078
2.988
2.977
2.89
1.936
3.047
3.736
2.825
2.824
3.139
2.805
2.796
2.819
2.814
5.66
2.947
5.174
3.435
2.238
2.208
1.868
2.997
2.944
3.612
3.047
3.017
5.652
3.02
2.859
3.776
2.812
2.825
2.801
2.765
2.764
2.76
2.775
2.784
1.115
2.244
4.431
4.01
3.378
3.638
1.767
2.95
2.984
2.969
4.281
2.998
2.989
2.756
2.698
4.025
2.902
2.821
2.812
2.776
2.777
2.794
2.762
2.792
3.844
2.879
3.84
2.918
2.067
1.984
1.739
3.094
2.952
3.237
2.976
2.97
2.767
2.761
2.766
3.434
2.822
2.816
2.776
2.776
2.782
2.774
2.748
4.586
1.01
1.039
1.03
1.028
1.008
1.005
0.826
2.642
5.552
3.387
2.261
2.186
1.936
3.022
2.958
3.668
3.015
2.96
5.573
3.046
4.169
3.927
2.747
2.773
2.75
2.714
2.709
2.705
2.733
2.723
2.435
4.399
3.823
3.331
4.041
1.804
3.367
2.958
2.947
4.637
2.964
2.973
2.752
2.681
4.208
2.875
2.77
2.793
2.75
2.787
2.818
2.758
2.758
3.876
2.968
3.837
2.948
2.133
1.995
1.795
3.027
2.994
3.254
3.015
3.005
2.782
2.751
2.764
3.463
2.8
2.79
2.744
2.773
2.764
2.78
2.731
4.298
4.351
3.764
3.102
2.176
4.647
1.805
3.002
3.001
3.863
3.043
3.041
2.874
2.487
2.936
3.775
2.785
2.847
3.001
2.758
2.772
2.767
2.8
6.554
3.234
4.258
3.467
2.225
2.181
1.868
3.054
2.977
3.466
3.025
2.981
4.003
3.604
5.838
3.852
2.857
2.778
2.716
2.708
2.696
2.71
2.723
2.718
2.014
4.856
3.819
2.636
3.284
1.757
3.194
2.939
2.935
3.956
2.94
2.928
2.734
2.657
4.084
2.816
2.739
2.771
2.711
2.725
2.746
2.718
2.733
2.145
1.001
0.928
0.842
0.848
2.056
4.814
3.869
2.952
3.707
1.751
3.272
2.946
2.928
4.296
2.944
2.943
2.758
2.742
4.237
2.879
2.831
2.838
2.801
2.79
2.798
2.773
2.784
4.95
3.112
3.769
2.938
2.137
1.994
1.802
3.075
3.005
3.213
3.022
3.025
2.809
2.74
2.79
3.228
2.837
2.828
2.797
2.798
2.805
2.808
2.78
4.659
3.826
3.808
3.203
2.152
4.931
1.809
3.032
3.03
3.382
3.047
3.057
2.881
2.683
2.885
3.916
2.819
2.834
2.923
2.763
2.792
2.781
2.795
6.443
3.434
4.138
3.514
2.211
2.184
1.845
3.055
3.006
3.25
3.061
3.021
3.426
3.263
4.736
4.151
2.826
2.778
2.733
2.744
2.737
2.738
2.742
2.774
6.002
3.637
3.71
2.522
3
1.778
3.195
2.953
2.96
3.624
2.997
2.982
2.735
2.672
3.795
2.772
2.75
2.776
2.725
2.732
2.722
2.706
2.713
1.434
0.992
0.878
0.843
0.839
0.842
3.311
6.201
3.486
2.188
2.255
2.201
3.098
2.966
4.28
3.067
2.979
5.129
3.102
2.732
3.919
2.83
2.84
2.826
2.778
2.766
2.756
2.783
2.789
2.824
4.546
4.022
2.984
5.263
1.8
3.674
3.001
2.996
5.459
3.018
3.018
2.781
2.723
5.02
2.93
2.812
2.794
2.779
2.775
2.818
2.758
2.774
3.023
2.777
3.985
2.939
2.075
2.103
1.771
3.039
3.006
3.254
3.009
3.012
2.776
2.73
2.767
3.637
2.805
2.794
2.75
2.765
2.777
2.806
2.746
4.392
4.114
3.746
3.102
2.102
5.214
1.805
3
3.012
3.459
3.013
3.02
2.849
2.804
2.919
3.747
2.784
2.794
2.922
2.744
2.739
2.725
2.765
6.431
0.998
1.002
0.843
0.844
2.666
4.632
3.441
2.272
2.205
1.981
3.013
2.967
3.696
3.057
2.967
4.503
3.881
2.753
3.919
2.759
2.791
2.772
2.732
2.728
2.717
2.746
2.746
2.42
4.151
4.098
3.631
4.128
1.774
3.338
2.924
2.945
4.557
2.971
2.971
2.741
2.66
4.232
2.854
2.752
2.75
2.695
2.686
2.761
2.73
2.756
3.762
2.941
3.947
2.948
2.117
2.029
1.776
3.023
2.976
3.314
2.999
2.982
2.767
2.734
2.732
3.464
2.778
2.79
2.744
2.752
2.753
2.762
2.746
4.429
4.162
3.721
3.073
2.065
5.232
1.764
2.963
2.988
3.546
2.987
2.976
2.842
2.635
2.922
3.756
2.813
2.878
2.819
2.733
2.759
2.74
2.769
6.5
2.912
4.216
3.404
2.203
2.157
1.82
3.005
2.964
3.231
2.931
2.899
3.708
3.513
4.55
3.981
2.712
2.708
2.702
2.724
2.677
2.7
2.675
2.743
6.312
3.263
3.689
2.352
2.916
1.831
3.195
2.954
2.919
3.508
2.941
2.945
2.719
2.662
4.017
2.78
2.758
2.776
2.734
2.725
2.758
2.755
2.763
5.379
2.781
3.643
2.887
2.114
1.805
1.758
3.037
2.984
3.278
2.977
2.988
2.764
2.709
2.739
3.259
2.851
2.819
2.761
2.785
2.781
2.734
2.746
3.618
1
1
2.141
5.392
4.027
2.908
3.763
1.708
2.939
2.909
2.89
3.964
2.913
2.914
2.685
2.625
4.404
2.789
2.732
2.757
2.705
2.699
2.698
2.69
2.705
5.33
2.937
3.617
2.852
2.056
1.887
1.696
2.955
2.882
3.083
2.884
2.892
2.667
2.664
2.675
3.2
2.746
2.72
2.678
2.709
2.696
2.7
2.668
4.362
3.486
3.701
3.062
2.017
4.415
1.696
2.882
2.902
3.376
2.867
2.88
2.712
2.543
2.725
3.597
2.781
2.746
2.882
2.712
2.733
2.739
2.747
5.769
3.361
3.955
3.438
2.105
2.07
1.75
2.969
2.936
3.178
2.993
2.964
3.384
2.874
4.44
3.984
2.775
2.767
2.757
2.753
2.73
2.765
2.752
2.72
6.039
3.012
3.523
2.314
2.613
1.771
3.127
2.921
2.964
3.514
2.924
2.92
2.718
2.669
3.844
2.778
2.815
2.762
2.74
2.764
2.722
2.705
2.729
1.45
0.995
0.88
2.753
5.002
3.399
2.181
2.142
2.009
3.029
2.909
3.761
3.029
2.917
5.57
3.308
2.749
3.558
2.747
2.761
2.735
2.69
2.67
2.659
2.676
2.688
2.527
4.62
4.006
3.49
5.162
1.728
2.519
2.91
2.896
5.399
2.89
2.892
2.685
2.62
4.608
2.856
2.727
2.716
2.698
2.697
2.727
2.676
2.698
2.554
2.68
3.719
2.854
2.025
2.046
1.701
2.894
2.875
3.138
2.895
2.895
2.695
2.734
2.681
3.765
2.767
2.771
2.754
2.763
2.757
2.775
2.723
3.705
1.002
0.999
3.306
4.282
3.377
2.181
2.103
1.78
2.991
2.959
3.27
3.013
2.962
4.094
3.803
5.316
3.738
2.839
2.776
2.769
2.763
2.752
2.76
2.771
2.762
2.145
4.869
3.601
2.883
3.396
1.76
3.191
2.964
2.958
4.035
2.975
2.973
2.755
2.715
4.297
2.875
2.795
2.829
2.774
2.772
2.754
2.74
2.764
4.566
2.824
3.683
2.878
2.073
1.849
1.712
2.964
2.926
3.133
2.895
2.906
2.657
2.643
2.664
3.144
2.759
2.741
2.683
2.688
2.664
2.704
2.674
4.21
0.98
0.986
3.911
3.73
3.05
2.075
2.124
1.749
2.901
2.876
2.974
2.894
2.886
2.788
2.683
2.855
3.589
2.705
2.709
2.956
2.704
2.697
2.716
2.721
4.973
2.689
4.767
3.383
2.13
2.117
1.936
2.994
2.927
3.647
2.985
2.902
5.183
3.14
3.939
3.756
2.697
2.725
2.704
2.668
2.641
2.639
2.658
2.647
2.344
3.964
3.895
3.66
3.914
1.716
3.044
2.904
2.876
4.585
2.917
2.925
2.718
2.67
4.166
2.864
2.749
2.773
2.74
2.73
2.768
2.715
2.729
3.006
0.99
0.993
0.834
1.985
4.288
3.685
2.936
2.04
2.849
1.704
2.919
2.93
3.156
2.922
2.931
2.722
2.603
2.701
3.693
2.783
2.795
2.791
2.707
2.731
2.721
2.726
4.362
3.738
3.881
3.393
2.085
2.123
1.734
2.969
2.944
3.152
2.957
2.88
3.065
2.438
3.498
3.934
2.694
2.696
2.674
2.669
2.656
2.667
2.67
2.613
4.285
3.462
3.384
2.083
2.391
2.267
2.919
2.93
2.91
3.171
2.898
2.91
2.679
2.623
3.67
2.738
2.717
2.736
2.707
2.725
2.68
2.719
2.701
4.803
2.592
3.508
2.81
2.081
1.736
1.681
2.889
2.886
3.035
2.897
2.942
2.723
2.681
2.744
3.206
2.74
2.768
2.756
2.703
2.778
2.698
2.668
4.139
3.099
4.919
2.942
2.076
2.357
1.729
2.984
2.981
3.485
3.004
2.986
2.79
2.86
2.765
3.959
2.821
2.848
2.809
2.772
2.796
2.798
2.8
3.147
1.054
1.054
1.053
3.645
2.852
3.691
2.917
2.063
1.931
1.734
3.021
2.94
3.141
2.965
2.931
2.747
2.739
2.753
3.593
2.798
2.79
2.76
2.759
2.749
2.751
2.724
4.184
4.219
3.72
3.06
2.085
5.213
1.757
2.998
3.012
3.369
2.999
3.028
2.852
2.817
2.925
3.739
2.814
2.839
3.114
2.73
2.752
2.772
2.77
6.493
1.007
1.003
0.848
0.849
3.848
3.781
3.149
2.131
3.866
1.821
3.029
3.029
3.208
3.063
3.068
2.874
2.683
2.832
3.665
2.812
2.834
2.958
2.773
2.798
2.804
2.816
6.464
1.023
3.318
3.739
3.265
2.148
2.155
1.77
3.069
3.051
3.147
3.026
3.043
2.981
2.06
3.15
3.989
2.804
2.789
2.798
2.772
2.762
2.763
2.758
6.309
3.328
6.163
3.476
2.066
2.29
2.062
3.091
3.016
4.214
3.146
2.984
2.988
3.617
2.707
3.769
2.801
2.785
2.761
2.748
2.742
2.74
2.744
2.735
3.89
2.569
3.641
2.913
2.667
1.778
1.818
2.948
2.931
6.473
2.972
2.952
2.746
2.693
3.079
2.994
2.839
2.85
2.842
2.821
2.868
2.807
2.832
4.081
1.026
1.025
0.869
0.869
0.867
0.869
0.866
0.869
0.865
0.87
0.861
0.869
0.874
0.873
0.872
0.869
0.871
0.87
0.867
3.859
2.93
3.809
2.989
2.114
2.039
1.784
3.14
3.044
3.307
3.064
3.068
2.851
2.833
2.823
3.515
2.868
2.861
2.815
2.845
2.831
2.833
2.818
4.541
3.65
3.843
3.204
2.161
4.35
1.81
3.069
3.071
3.276
3.069
3.065
2.858
2.554
2.827
3.717
2.84
2.837
2.906
2.802
2.833
2.827
2.845
5.678
1.027
1.026
0.865
0.861
3.584
4.325
3.474
2.26
2.188
1.86
3.045
2.985
3.424
3.063
3.03
3.835
3.388
4.766
3.963
2.811
2.756
2.744
2.775
2.735
2.742
2.748
2.753
3.188
3.754
3.714
2.625
3.063
1.802
3.263
2.987
2.974
3.765
3.014
3.012
2.799
2.696
3.888
2.815
2.765
2.805
2.766
2.766
2.761
2.749
2.76
5.072
2.795
3.724
2.956
2.163
1.903
1.813
3.058
3.007
3.272
3.03
3.031
2.807
2.737
2.77
3.204
2.837
2.804
2.751
2.759
2.774
2.771
2.766
4.202
3.782
3.78
3.061
2.138
3.59
1.777
2.995
3.01
3.062
3.033
3.025
2.818
2.766
2.844
3.819
2.838
2.846
2.956
2.809
2.835
2.826
2.847
6.213
3.359
4.268
3.44
2.237
2.157
1.856
3.073
3.03
3.448
3.067
3.021
3.782
3.658
4.759
4.081
2.851
2.804
2.801
2.829
2.792
2.775
2.788
2.791
4.837
3.857
3.582
2.524
2.933
1.845
3.203
2.971
2.968
3.704
3.01
2.994
2.789
2.714
4.032
2.816
2.777
2.803
2.77
2.767
2.764
2.75
2.764
1.681
1.009
3.802
2.745
4.086
2.964
2.099
2.212
1.78
3.087
2.994
3.396
3.017
3.015
2.811
2.819
2.789
4.479
2.834
2.798
2.789
2.775
2.781
2.772
2.761
3.548
3.838
3.743
3.143
2.129
2.095
1.791
2.988
2.976
3.076
3.008
2.997
2.863
2.576
2.988
3.745
2.813
2.834
3.218
2.792
2.788
2.803
2.816
5.155
2.773
4.735
3.479
2.247
2.195
1.951
3.111
3.012
3.556
3.121
3.036
5.283
3.358
2.859
3.824
2.85
2.876
2.842
2.803
2.782
2.799
2.813
2.812
2.537
4.623
4.306
3.301
4.575
1.783
3.74
3.013
3.005
4.708
3.054
3.039
2.822
2.761
4.374
2.941
2.847
2.868
2.822
2.832
2.842
2.794
2.816
3.807
2.906
3.852
2.956
2.067
1.966
1.724
3.011
2.947
3.179
2.973
2.969
2.756
2.716
2.746
3.505
2.8
2.789
2.75
2.773
2.764
2.769
2.74
4.388
1.006
1.006
0.849
2.143
5.301
3.926
3.03
3.702
1.759
3.147
2.951
2.946
4.099
2.966
2.978
2.752
2.698
4.234
2.873
2.796
2.813
2.759
2.767
2.755
2.736
2.768
4.942
2.877
3.633
2.889
2.092
1.886
1.746
3.042
2.981
3.149
2.99
2.997
2.795
2.75
2.799
3.34
2.884
2.866
2.822
2.835
2.829
2.821
2.814
4.314
3.644
3.786
3.158
2.096
3.902
1.747
2.987
3.038
3.265
3.029
3.026
2.822
2.626
2.874
3.802
2.84
2.846
2.932
2.805
2.822
2.825
2.859
7.968
3.021
4.288
3.447
2.197
2.127
1.855
3.069
3.02
3.439
3.09
3.036
3.751
3.598
6.022
3.814
2.878
2.823
2.832
2.819
2.802
2.802
2.818
2.81
2.19
4.679
3.762
2.908
3.203
1.722
3.062
2.929
2.917
3.861
2.932
2.934
2.744
2.698
4.082
2.824
2.758
2.788
2.743
2.746
2.749
2.743
2.765
4.755
2.845
3.63
2.862
2.055
1.866
1.72
2.973
2.906
3.124
2.927
2.941
2.742
2.733
2.726
3.123
2.805
2.806
2.743
2.802
2.817
2.823
2.825
4.019
1.042
1.044
0.883
0.878
0.88
0.88
0.883
0.909
1.375
3.699
4.419
3.456
2.076
2.38
2.136
3.119
3.089
4.547
3.225
3.038
3.069
2.881
2.775
3.593
2.872
2.845
2.858
2.825
2.837
2.815
2.812
2.813
3.889
2.563
3.703
2.946
2.56
1.781
1.841
3.025
3.002
4.443
3.03
3.026
2.831
2.791
2.875
3.106
2.866
2.92
2.824
2.853
2.956
2.825
2.846
3.201
2.834
4.798
2.964
2.057
2.23
1.74
2.979
2.988
3.628
3.011
3.013
2.807
2.963
2.797
3.753
2.834
2.854
2.832
2.814
2.83
2.825
2.807
3.114
3.309
3.795
3.283
2.136
2.199
1.754
3.023
3.015
3.124
3.037
3.015
3.032
2.071
3.138
3.969
2.867
2.867
2.895
2.817
2.801
2.817
2.819
6.58
3.395
6.261
3.515
2.199
2.258
2.274
3.186
3.059
4.43
3.204
3.052
4.96
3.118
2.788
3.793
2.875
2.883
2.879
2.841
2.843
2.828
2.857
2.835
3.304
2.856
3.63
3.038
2.668
1.782
1.981
3.073
3.012
6.386
3.035
3.036
2.845
2.795
3.871
3.037
2.868
2.89
2.851
2.842
2.883
2.816
2.845
2.856
2.695
4.022
2.982
2.063
2.117
1.736
3.036
2.995
3.396
3.018
3.021
2.828
2.927
2.833
4.538
2.923
2.807
2.78
2.785
2.773
2.766
2.771
3.629
1.026
1.023
0.862
1.342
2.494
4.527
3.399
2.162
2.113
1.881
3.041
2.991
3.673
3.044
2.981
4.355
3.878
4.33
3.971
2.807
2.833
2.811
2.78
2.773
2.785
2.79
2.791
2.421
4.742
3.751
3.222
4.166
1.804
2.957
2.994
2.983
4.698
3.001
3.001
2.797
2.741
4.329
2.92
2.844
2.828
2.797
2.805
2.824
2.79
2.818
3.459
2.669
3.796
2.966
2.073
2.02
1.737
3.025
3.007
3.299
3.028
3.024
2.809
2.783
2.819
3.683
2.847
2.856
2.832
2.824
2.817
2.835
2.797
4.213
4.02
3.758
3.127
2.079
4.731
1.76
3.011
3.018
3.637
3.034
3.029
2.857
2.547
2.885
3.817
2.866
2.881
2.854
2.819
2.865
2.735
2.748
6.073
3.412
3.989
3.449
2.116
2.063
1.766
2.983
2.938
3.217
2.965
2.952
3.393
3.015
4.137
3.736
2.754
2.786
2.8
2.768
2.729
2.768
2.777
2.742
5.92
3.093
3.553
2.39
2.603
1.739
3.064
2.979
2.986
3.425
2.982
2.981
2.756
2.688
3.79
2.808
2.799
2.776
2.759
2.77
2.742
2.751
2.767
1.341
1.007
0.876
0.844
3.648
3.04
3.833
2.895
2.072
1.978
1.732
3.094
2.955
3.279
2.99
2.988
2.756
2.701
2.726
3.486
2.783
2.784
2.763
2.742
2.742
2.742
2.728
4.138
4.149
3.726
3.035
2.055
4.306
1.717
2.963
2.976
3.384
2.983
2.968
2.832
2.484
2.903
3.788
2.78
2.828
2.986
2.726
2.754
2.744
2.766
6.868
1.058
1.038
1.036
3.084
4.098
3.707
3.005
2.077
2.857
1.756
2.984
3.02
3.182
3.047
3.012
2.809
2.634
2.784
3.863
2.811
2.833
2.849
2.758
2.776
2.77
2.77
4.032
3.458
3.945
3.485
2.164
2.107
1.794
3.019
3.011
3.136
3.027
3.027
3.147
2.513
3.449
3.872
2.842
2.843
2.773
2.797
2.772
2.796
2.788
4.432
3.989
3.914
3.564
2.297
2.393
2.424
3.137
3.071
4.784
3.252
3.066
3.196
3.09
2.733
3.611
2.85
2.828
2.843
2.82
2.801
2.775
2.772
2.778
3.512
2.553
3.7
2.977
2.875
1.827
1.918
3.065
3.036
5.999
3.048
3.047
2.826
2.725
4.829
2.959
2.803
2.827
2.793
2.78
2.828
2.765
2.787
2.38
2.814
4.047
2.981
2.111
2.143
1.784
3.054
2.998
3.258
3.031
3.021
2.794
2.743
2.792
3.912
2.83
2.81
2.78
2.791
2.774
2.802
2.762
4.086
4.239
3.755
3.016
2.114
2.806
1.763
2.982
2.961
3.517
3.001
2.998
2.839
2.771
2.885
3.878
2.794
2.791
2.959
2.739
2.802
2.794
2.818
6.503
1.02
1.018
0.863
0.866
4.627
2.946
3.78
2.965
2.11
1.893
1.779
3.066
3.005
3.199
3.026
3.043
2.814
2.78
2.825
3.28
2.875
2.828
2.784
2.795
2.767
2.79
2.776
4.329
3.83
3.793
3.137
2.096
4.022
1.801
3.015
3.039
3.136
3.052
3.049
2.877
2.715
2.875
3.946
2.852
2.844
2.868
2.792
2.797
2.806
2.822
5.883
3.652
4.118
3.442
2.218
2.156
1.826
3.068
3.04
3.255
3.096
3.05
3.459
2.931
4.071
3.859
2.861
2.812
2.846
2.804
2.786
2.81
2.807
2.776
6.044
3.05
3.671
2.399
2.754
1.863
3.244
3.043
3.102
3.495
3.062
3.056
2.842
2.755
3.984
2.867
2.903
2.837
2.812
2.845
2.825
2.794
2.821
1.471
1.028
0.903
0.86
0.866
0.867
3.828
3.121
3.677
3.012
2.366
1.83
2.28
3.059
3.047
6.161
3.044
3.055
2.826
2.745
4.452
2.957
2.824
2.858
2.822
2.798
2.831
2.771
2.816
2.721
2.731
4.05
2.977
2.09
2.168
1.742
3.102
3.022
3.501
3.032
3.035
2.828
2.849
2.807
4.293
2.894
2.845
2.838
2.825
2.816
2.837
2.815
3.686
3.947
3.845
3.138
2.107
2.085
1.826
3.044
3.037
3.139
3.024
3.02
2.874
2.851
2.958
3.696
2.819
2.811
3.234
2.798
2.833
2.81
2.812
4.665
2.643
4.72
3.507
2.254
2.186
1.982
3.134
3.04
3.767
3.089
3.04
5.123
3.109
6.178
4.087
2.826
2.852
2.835
2.834
2.811
2.822
2.81
2.823
2.33
4.679
3.991
3.369
3.525
1.804
3.225
3.035
3.015
4.378
3.039
3.045
2.841
2.76
4.057
2.912
2.852
2.869
2.826
2.827
2.838
2.782
2.814
2.075
1.029
0.949
0.868
0.881
1.359
3.238
5.691
3.56
2.199
2.296
2.109
3.162
3.078
3.814
3.153
3.031
5.88
3.385
2.767
3.946
2.838
2.851
2.84
2.807
2.809
2.798
2.82
2.819
2.717
3.321
4.199
3.169
4.852
1.816
2.979
3.05
3.03
5.642
3.065
3.051
2.811
2.739
4.492
3.04
2.829
2.864
2.83
2.816
2.89
2.752
2.773
3
2.702
4.097
2.951
2.093
2.156
1.752
3.029
2.98
3.47
3.011
3.03
2.801
2.87
2.808
4.253
2.887
2.816
2.805
2.813
2.799
2.8
2.788
3.562
3.957
3.862
3.103
2.093
2.093
1.763
3.007
3.012
3.074
3.015
3.009
2.945
1.892
3.063
3.807
2.815
2.792
2.99
2.76
2.751
2.779
2.771
5.174
2.805
4.995
3.505
2.249
2.192
1.861
3.099
3.001
3.775
3.051
2.969
5.569
3.137
4.29
4.088
2.909
2.932
2.899
2.873
2.871
2.851
2.883
2.88
2.393
4.705
4.01
3.123
3.273
1.776
3.446
3.053
3.052
4.131
3.07
3.066
2.853
2.797
4.331
2.958
2.898
2.903
2.855
2.856
2.841
2.833
2.861
2.208
1.056
0.996
0.895
1.388
3.397
4.044
3.52
2.168
2.108
1.799
3.09
3.058
3.217
3.089
3.075
3.49
2.991
4.21
3.902
2.89
2.89
2.904
2.865
2.839
2.855
2.866
2.853
5.43
2.993
3.6
2.287
2.62
1.781
3.035
3.049
3.07
3.472
3.067
3.065
2.852
2.796
3.962
2.874
2.859
2.875
2.827
2.868
2.849
2.833
2.868
1.647
1.044
0.929
0.878
0.887
0.878
0.879
0.874
0.883
0.884
0.882
0.895
0.894
0.892
0.879
0.888
0.882
0.881
0.88
0.88
5.672
3.614
3.366
2.928
2.092
2.04
1.705
3
2.968
3.126
3.021
3.004
3.081
2.41
3.473
3.903
2.857
2.839
2.786
2.808
2.785
2.802
2.805
4.11
1.033
1.024
0.878
0.878
0.872
0.86
0.868
2.043
4.207
3.138
2.902
2.005
2.997
1.717
3.003
3.018
3.006
3
2.997
2.811
2.611
2.775
3.916
2.855
2.854
2.898
2.813
2.831
2.821
2.821
5.092
3.63
4.022
3.398
2.137
2.084
1.762
3.032
2.988
3.18
3.032
3.024
3.329
2.605
4.129
3.843
2.904
2.892
2.894
2.853
2.821
2.85
2.826
2.818
5.785
3.267
3.5
2.304
2.762
1.785
3.27
3.034
3.006
3.569
3.007
3.011
2.825
2.781
3.882
2.874
2.833
2.861
2.832
2.856
2.861
2.839
2.872
5.213
2.702
3.64
2.946
2.069
1.825
1.76
3.055
3.006
3.223
3.016
3.021
2.827
2.81
2.841
3.366
2.857
2.858
2.824
2.837
2.847
2.824
2.828
3.406
4.109
3.704
3.035
2.061
3.014
1.732
3.03
3.018
3.16
3.05
3.04
2.85
2.701
2.803
3.719
2.863
2.873
2.895
2.811
2.822
2.8
2.814
3.614
3.651
3.914
3.456
2.13
2.065
1.762
3.022
3.023
3.193
3.038
3.032
3.224
2.423
3.635
4.003
2.909
2.887
2.878
2.865
2.835
2.86
2.855
2.848
4.366
2.773
3.517
2.284
2.411
2.788
3.058
3.069
3.139
3.304
3.035
3.223
2.84
2.782
3.774
2.903
2.904
2.867
2.844
2.827
2.82
2.836
2.831
1.323
1.041
0.907
0.887
2.827
4.245
3.752
3.106
2.085
5.157
1.754
3.012
3.026
3.192
3.011
3.01
2.86
2.481
2.94
3.701
2.843
2.87
3.045
2.812
2.813
2.819
2.83
7.231
3.18
4.277
3.427
2.174
2.1
1.814
3.05
2.999
3.308
3.044
3.029
3.815
3.675
5.209
3.858
2.843
2.829
2.814
2.83
2.782
2.793
2.82
2.823
2.104
4.568
3.796
2.73
3.175
1.735
2.936
2.951
2.972
3.782
2.99
2.977
2.797
2.75
3.941
2.884
2.854
2.868
2.8
2.804
2.809
2.791
2.81
1.604
1.035
0.924
0.868
1.335
2.311
3.443
3.753
3.122
2.062
4.329
1.743
3.007
3.053
3.302
3.034
2.994
2.817
2.604
2.824
3.614
2.835
2.837
2.953
2.794
2.802
2.796
2.787
6.464
3.423
3.987
3.439
2.109
2.066
1.757
3.026
2.99
3.221
3.012
2.986
3.605
3.484
4.299
3.858
2.828
2.816
2.845
2.807
2.779
2.796
2.786
2.776
5.803
3.017
3.499
2.38
2.588
2.143
3.271
3.018
3.147
3.369
3.021
3.002
2.805
2.749
3.715
2.853
2.849
2.833
2.823
2.878
2.854
2.874
2.831
4.56
2.554
3.566
2.927
2.091
1.834
1.733
3.01
3.001
3.089
3.007
3.007
2.838
2.791
2.832
3.072
2.838
2.915
2.83
2.824
2.871
2.81
2.817
3.684
3.062
4.437
3.002
2.067
2.329
1.753
3.04
3.05
3.579
3.04
3.035
2.837
2.933
2.854
3.768
2.848
2.87
2.831
2.811
2.818
2.831
2.833
2.941
3.206
3.751
3.23
2.088
2.271
1.735
3.007
3.006
3.105
3.023
3.009
2.953
2.013
3.141
3.909
2.869
2.862
2.884
2.826
2.802
2.817
2.823
6.194
1.132
1.064
1.063
4.62
3.982
3.756
3.141
2.11
5.013
1.78
3.056
3.04
3.408
3.034
3.018
2.872
2.494
2.899
3.834
2.834
2.859
2.956
2.786
2.813
2.792
2.819
7.255
1.039
1.041
0.883
0.88
1.807
2.757
4.53
3.019
2.111
2.308
1.804
3.15
3.04
3.499
3.046
3.063
2.846
2.818
2.836
4.515
2.887
2.815
2.832
2.848
2.816
2.817
2.82
3.499
3.59
3.824
3.291
2.14
2.162
1.822
3.059
3.071
3.129
3.089
3.043
2.975
1.927
3.098
3.821
2.809
2.825
3.384
2.796
2.795
2.803
2.811
5.09
2.937
5.176
3.524
2.302
2.198
1.934
3.125
3.048
3.562
3.115
3.057
5.285
3.111
2.821
3.968
2.843
2.871
2.852
2.803
2.819
2.821
2.841
2.843
2.606
4.155
3.891
3.558
4.058
1.843
2.965
3.048
3.028
4.734
3.05
3.042
2.853
2.77
3.917
2.963
2.841
2.862
2.806
2.803
2.828
2.787
2.811
2.152
1.031
0.973
0.874
0.876
0.877
0.867
0.878
0.878
0.881
0.887
0.887
0.89
0.887
0.885
0.89
0.88
0.869
0.882
0.882
0.882
0.882
0.877
0.881
0.868
0.883
0.882
0.886
0.883
0.886
0.879
0.883
0.885
0.882
0.888
0.883
0.868
0.881
0.879
0.882
0.88
0.874
0.884
0.883
0.886
0.882
0.889
0.882
0.887
0.887
0.881
0.886
0.886
0.888
0.878
0.885
0.888
0.893
0.874
0.88
1.373
3.636
4.021
3.53
2.169
2.121
1.806
3.057
3.046
3.249
3.071
3.064
3.368
2.621
3.678
4.05
2.873
2.873
2.822
2.866
2.846
2.88
2.864
2.829
4.588
2.826
3.531
2.117
2.561
2.379
3.048
3.078
3.064
3.406
3.021
3.166
2.845
2.778
3.79
2.894
2.913
2.879
2.848
2.855
2.832
2.845
2.843
5.253
2.658
3.64
2.996
2.154
1.822
1.803
3.057
3.025
3.2
3.066
3.077
2.852
2.789
2.851
3.299
2.875
2.854
2.805
2.843
2.851
2.849
2.809
3.253
3.648
3.679
3.049
2.13
2.583
1.81
3.087
3.087
3.217
3.135
3.109
2.929
2.781
2.892
3.806
2.903
2.911
2.941
2.824
2.856
2.833
2.85
4.21
3.735
3.986
3.533
2.21
2.127
1.842
3.096
3.081
3.281
3.11
3.116
3.252
2.588
3.514
3.934
2.944
2.898
2.862
2.848
2.841
2.862
2.857
5.282
3.766
4.356
3.564
2.243
2.322
2.176
3.099
3.117
4.278
3.245
3.077
3.087
3.359
2.801
3.829
2.915
2.896
2.885
2.856
2.863
2.852
2.855
2.868
3.53
2.991
3.687
3.011
2.591
1.796
2.458
3.041
3.034
5.937
3.064
3.067
2.86
2.811
4.714
3.045
2.88
2.892
2.851
2.836
2.902
2.832
2.868
3.705
1.042
1.051
0.883
3.118
2.519
4.633
3.093
4.901
1.849
3.259
3.111
3.069
5.947
3.067
3.062
2.852
2.795
3.202
3.078
2.896
2.922
2.882
2.872
2.916
2.842
2.825
2.812
2.754
4.289
3.023
2.086
2.173
1.801
3.175
3.066
3.426
3.058
3.054
2.871
2.919
2.846
4.504
2.921
2.898
2.891
2.881
2.868
2.864
2.849
3.897
3.962
3.866
3.203
2.164
2.082
1.854
3.074
3.059
3.168
3.085
3.09
2.979
2.828
3.154
3.921
2.912
2.917
3.22
2.874
2.869
2.9
2.888
5.66
3.058
5.516
3.648
2.289
2.265
2.106
3.2
3.098
4.055
3.183
3.085
5.527
3.299
2.927
3.915
2.916
2.948
2.907
2.873
2.873
2.868
2.884
2.877
1.141
1.066
0.91
0.889
5.505
3.106
3.889
3.475
2.193
2.135
1.808
3.11
3.101
3.262
3.144
3.11
3.095
2.235
3.404
4.08
2.936
2.918
2.829
2.905
2.893
2.933
2.916
7.234
3.64
5.528
3.566
2.115
2.341
2.169
3.103
3.155
4.166
3.296
3.094
3.11
2.906
2.808
3.616
2.922
2.904
2.898
2.9
2.896
2.882
2.889
2.877
4.534
2.49
3.711
2.997
2.316
1.848
1.786
3.061
3.028
3.936
3.053
3.047
2.837
2.778
2.823
3.069
2.839
2.895
2.845
2.839
2.945
2.821
2.834
3.262
2.771
4.45
3.005
2.094
2.181
1.784
3.127
3.046
3.422
3.068
3.068
2.872
2.889
2.852
4.676
2.954
2.896
2.857
2.795
2.792
2.786
2.795
3.565
3.546
3.789
3.295
2.102
2.248
1.762
3.022
3.009
3.083
2.99
3.006
2.97
2.035
3.148
4.011
2.853
2.871
2.852
2.826
2.813
2.822
2.8
6.972
1.04
1.033
0.874
0.874
0.872
0.889
0.887
0.893
0.893
0.882
0.876
0.878
0.877
0.879
0.878
0.888
0.887
0.885
0.883
0.882
0.878
0.877
0.88
0.876
0.877
0.879
0.888
0.889
0.888
0.884
0.875
0.874
6.016
2.683
3.64
2.932
2.114
1.835
1.796
3.041
3.027
3.229
3.014
3.022
2.805
2.765
2.783
3.207
2.835
2.855
2.815
2.848
2.824
2.805
2.796
3.117
1.029
1.026
0.874
0.871
0.868
0.871
0.868
3.347
4
3.851
3.133
2.081
2.065
1.756
3.012
3.014
3.092
3.062
3.066
2.927
2.806
2.985
3.637
2.863
2.845
2.876
2.834
2.86
2.857
2.871
6.559
2.907
4.373
3.465
2.176
2.084
1.795
3.029
3.005
3.323
3.072
3.023
4.023
3.878
5.098
3.947
2.919
2.844
2.84
2.868
2.809
2.807
2.816
2.842
3.213
3.903
3.68
2.442
2.797
1.754
3.103
3.017
2.996
3.667
3.005
3.007
2.81
2.766
4.005
2.863
2.852
2.883
2.836
2.836
2.813
2.8
2.81
5.368
2.722
3.664
2.946
2.107
1.896
1.764
3.044
3.033
3.294
3.024
3.037
2.837
2.806
2.832
3.356
2.86
2.857
2.817
2.851
2.861
2.857
2.826
3.351
4.222
3.735
3.057
2.083
2.835
1.743
3.035
3.013
3.172
3.058
3.05
2.871
2.768
2.862
3.931
2.881
2.915
2.874
2.83
2.876
2.876
2.876
3.734
3.344
3.87
3.403
2.132
2.082
1.757
3.031
3.02
3.143
3.066
3.025
3.023
2.315
3.319
4.042
2.9
2.886
2.937
2.845
2.847
2.849
2.871
6.806
3.522
5.658
3.519
2.201
2.257
2.189
3.21
3.12
3.968
3.171
3.069
3.078
3.203
2.875
3.956
2.935
2.957
2.95
2.905
2.889
2.877
2.892
2.881
3.275
2.572
4.637
3.088
4.946
1.803
3.257
3.073
3.08
5.992
3.083
3.085
2.894
2.833
4.615
3.079
2.922
2.934
2.908
2.906
2.921
2.867
2.884
3.014
1.048
1.057
1.397
3.856
4.109
3.53
2.149
2.152
1.818
3.059
3.05
3.243
3.064
3.093
3.279
2.573
3.737
4.121
2.886
2.876
2.88
2.868
2.845
2.894
2.892
2.897
5.32
3.026
3.619
2.326
2.592
2.875
3.266
3.047
3.207
3.455
3.091
3.358
2.891
2.823
3.808
2.902
2.935
2.88
2.889
2.9
2.86
2.855
2.859
5.59
2.7
3.609
2.969
2.115
1.829
1.807
3.084
3.036
3.321
3.051
3.056
2.881
2.864
2.901
3.275
2.945
2.906
2.888
2.898
2.882
2.858
2.858
3.48
3.948
3.76
3.095
2.061
2.823
1.761
3.038
3.048
3.311
3.079
3.092
2.914
2.794
2.903
3.848
2.917
2.94
2.968
2.878
2.895
2.899
2.926
4.002
1.077
1.076
0.916
0.911
0.908
0.908
0.912
0.912
0.92
0.92
0.919
0.924
0.922
0.919
0.92
0.92
0.921
0.923
0.92
0.789
0.79
0.795
0.792
0.788
0.791
0.792
0.791
0.792
0.792
0.793
0.795
0.794
0.791
0.794
0.795
0.796
0.793
0.794
0.799
0.797
0.796
0.795
0.798
0.801
0.797
0.803
0.801
0.8
0.802
0.801
0.8
0.803
0.804
0.806
0.806
0.806
0.809
0.803
0.809
0.808
0.804
0.81
0.774
0.769
0.767
0.768
0.768
0.766
0.767
0.766
0.763
0.764
0.765
0.765
0.768
0.766
0.768
0.768
0.77
0.77
0.772
0.771
0.772
0.773
0.773
0.773
0.773
0.772
0.772
0.771
0.774
0.771
0.772
0.772
0.771
0.773
0.771
0.769
0.767
0.77
0.773
0.773
0.771
0.772
0.77
0.773
0.77
0.77
0.77
0.77
0.77
0.77
0.768
0.769
0.768
0.773
0.772
0.769
0.767
0.77
0.77
0.767
0.767
0.772
0.772
0.772
0.771
0.773
0.773
0.772
0.771
0.772
0.77
0.771
0.771
0.771
0.771
0.769
0.77
0.769
0.77
0.769
0.77
0.77
0.775
0.77
0.772
0.771
0.773
0.775
0.775
0.774
0.775
0.776
0.774
0.775
0.775
0.774
0.774
0.774
0.773
0.774
0.774
0.774
0.773
0.775
0.773
0.771
0.772
0.772
0.773
0.773
0.774
0.775
0.779
0.775
0.772
0.775
0.779
0.776
0.776
0.776
0.777
0.777
0.774
0.774
0.778
0.775
0.775
0.776
0.773
0.773
0.776
0.776
0.774
0.769
0.773
0.773
0.772
0.771
0.771
0.773
0.77
0.773
0.775
0.773
0.773
0.775
0.771
0.771
0.774
0.773
0.775
0.774
0.772
0.77
0.773
0.773
0.771
0.772
0.774
0.772
0.772
0.774
0.773
0.772
0.771
0.772
0.771
0.773
0.776
0.773
0.772
0.772
0.774
0.773
0.772
0.771
0.771
0.772
0.77
0.771
0.773
0.773
0.772
0.772
0.772
0.773
0.774
0.775
0.775
0.773
0.769
0.772
0.772
0.774
0.771
0.772
0.772
0.772
0.767
0.769
0.77
0.771
0.772
0.773
0.773
0.771
0.773
0.772
0.771
0.771
0.772
0.769
0.77
0.77
0.771
0.772
0.773
0.775
0.77
0.771
0.77
0.772
0.772
0.771
0.769
0.774
0.773
0.771
0.772
0.774
0.772
0.773
0.775
0.772
0.772
0.773
0.773
0.775
0.772
0.775
0.776
0.774
0.774
0.776
0.774
0.775
0.775
0.773
0.773
0.774
0.774
0.775
0.773
0.774
0.774
0.773
0.774
0.774
0.773
0.771
0.774
0.774
0.771
0.772
0.775
0.775
0.773
0.773
0.773
0.775
0.773
0.775
0.772
0.769
0.771
0.773
0.771
0.77
0.772
0.771
0.771
0.77
0.769
0.766
0.766
0.77
0.772
0.77
0.77
0.767
0.768
0.767
0.766
0.767
0.766
0.765
0.768
0.768
0.77
0.771
0.77
0.773
0.771
0.77
0.771
0.771
0.771
0.77
0.767
0.769
0.771
0.771
0.771
0.77
0.771
0.77
0.772
0.77
0.77
0.77
0.77
0.768
0.77
0.771
0.768
0.77
0.771
0.771
0.771
0.769
0.769
0.773
0.771
0.771
0.772
0.769
0.771
0.771
0.768
0.77
0.772
0.771
0.773
0.771
0.772
0.773
0.772
0.774
0.775
0.776
0.774
0.773
0.775
0.773
0.775
0.775
0.772
0.773
0.771
0.772
0.776
0.775
0.775
0.773
0.772
0.772
0.768
0.773
0.774
0.773
0.772
0.773
0.773
0.774
0.774
0.773
0.773
0.775
0.777
0.776
0.774
0.775
0.776
0.769
0.774
0.772
0.772
0.773
0.772
0.774
0.772
0.775
0.774
0.772
0.771
0.771
0.771
0.771
0.772
0.77
0.771
0.771
0.772
0.768
0.77
0.771
0.771
0.773
0.771
0.773
0.773
0.775
0.774
0.773
0.77
0.772
0.771
0.775
0.773
0.772
0.775
0.775
0.775
0.776
0.776
0.778
0.776
0.775
0.776
0.777
0.781
0.784
0.781
0.78
0.783
0.779
0.778
0.773
0.772
0.774
0.774
0.775
0.774
0.773
0.775
0.775
0.775
0.774
0.774
0.773
0.774
0.773
0.773
0.783
0.783
0.783
0.783
0.783
0.783
0.784
0.782
0.783
0.78
0.782
0.78
0.782
0.782
0.782
0.782
0.783
0.781
0.783
0.785
0.784
0.785
0.783
0.785
0.784
0.785
0.783
0.784
0.784
0.783
0.782
0.782
0.784
0.782
0.783
0.786
0.786
0.781
0.781
0.781
0.781
0.781
0.78
0.779
0.778
0.781
0.778
0.785
0.786
0.785
0.784
0.784
0.782
0.784
0.784
0.783
0.782
0.781
0.78
0.784
0.783
0.782
0.78
0.78
0.78
0.779
0.78
0.782
0.784
0.784
0.781
0.781
0.782
0.78
0.783
0.782
0.783
0.782
0.782
0.783
0.784
0.784
0.784
0.781
0.783
0.783
0.782
0.782
0.78
0.781
0.781
0.782
0.784
0.784
0.784
0.785
0.784
0.784
0.784
0.784
0.787
0.785
0.784
0.785
0.786
0.786
0.786
0.787
0.786
0.785
0.785
0.786
0.785
0.786
0.786
0.786
0.785
0.786
0.786
0.786
0.787
0.785
0.781
0.783
0.784
0.784
0.783
0.785
0.784
0.782
0.782
0.78
0.784
0.786
0.784
0.78
0.78
0.782
0.78
0.783
0.781
0.782
0.783
0.784
0.782
0.785
0.783
0.778
0.785
0.784
0.786
0.788
0.785
0.784
0.785
0.784
0.787
0.785
0.783
0.784
0.786
0.787
0.782
0.785
0.785
0.787
0.787
0.786
0.788
0.788
0.786
0.785
0.784
0.785
0.786
0.785
0.787
0.785
0.785
0.782
0.785
0.782
0.782
0.785
0.786
0.784
0.786
0.787
0.788
0.788
0.785
0.785
0.786
0.787
0.784
0.791
0.788
0.786
0.786
0.786
0.785
0.783
0.784
0.784
0.785
0.784
0.782
0.783
0.784
0.784
0.785
0.785
0.785
0.784
0.786
0.787
0.787
0.787
0.786
0.788
0.786
0.788
0.787
0.786
0.783
0.784
0.784
0.784
0.786
0.785
0.787
0.786
0.786
0.787
0.786
0.785
0.787
0.785
0.789
0.788
0.787
0.785
0.79
0.787
0.79
0.791
0.791
0.788
0.792
0.789
0.789
0.789
0.788
0.789
0.789
0.79
0.788
0.787
0.791
0.792
0.791
0.791
0.791
0.79
0.79
0.791
0.79
0.789
0.79
0.789
0.786
0.787
0.787
0.788
0.786
0.788
0.787
0.789
0.787
0.788
0.785
0.786
0.784
0.785
0.787
0.785
0.789
0.787
0.788
0.788
0.786
0.783
0.785
0.784
0.785
0.78
0.782
0.782
0.78
0.781
0.785
0.787
0.785
0.784
0.783
0.784
0.806
0.786
0.787
0.78
0.781
0.781
0.784
0.78
0.78
0.784
0.783
0.783
0.782
0.783
0.781
0.782
0.78
0.779
0.782
0.784
0.782
0.782
0.782
0.784
0.783
0.781
0.783
0.783
0.781
0.781
0.78
0.78
0.778
0.78
0.78
0.779
0.78
0.78
0.78
0.78
0.781
0.782
0.779
0.779
0.779
0.78
0.776
0.776
0.772
0.773
0.773
0.775
0.776
0.779
0.778
0.777
0.777
0.77
0.777
0.778
0.779
0.778
0.778
0.779
0.774
0.777
0.776
0.777
0.776
0.773
0.772
0.773
0.774
0.774
0.772
0.772
0.771
0.771
0.774
0.775
0.772
0.767
0.773
0.774
0.774
0.773
0.773
0.773
0.773
0.775
0.776
0.787
0.773
0.775
0.775
0.773
0.775
0.776
0.777
0.775
0.774
0.773
0.774
0.772
0.774
0.774
0.776
0.778
0.779
0.775
0.774
0.772
0.772
0.773
0.775
0.776
0.775
0.778
0.779
0.775
0.779
0.774
0.774
0.775
0.779
0.779
0.777
0.777
0.783
0.78
0.779
0.78
0.78
0.78
0.783
0.781
0.783
0.784
0.785
0.787
0.784
0.786
0.786
0.787
0.785
0.785
0.783
0.786
0.786
0.784
0.785
0.784
0.783
0.784
0.788
0.787
0.783
0.783
0.782
0.779
0.778
0.779
0.779
0.78
0.78
0.777
0.779
0.778
0.777
0.779
0.778
0.776
0.777
0.777
0.779
0.78
0.779
0.778
0.78
0.779
0.78
0.782
0.781
0.78
0.78
0.78
0.782
0.779
0.78
0.78
0.775
0.778
0.775
0.806
0.774
0.77
0.769
0.77
0.77
0.769
0.771
0.771
0.77
0.772
0.769
0.773
0.772
0.772
0.767
0.767
0.766
0.766
0.768
0.768
0.77
0.771
0.768
0.766
0.762
0.771
0.771
0.773
0.773
0.774
0.774
0.773
0.774
0.774
0.774
0.776
0.774
0.775
0.773
0.775
0.77
0.777
0.775
0.772
0.772
0.771
0.769
0.774
0.773
0.775
0.775
0.776
0.776
0.773
0.773
0.773
0.776
0.774
0.775
0.775
