386.700012
333.777771
337.564453
323.404449
318.604431
319.075562
252.764450
253.511108
244.844452
237.484451
239.466660
233.306671
207.795563
210.453339
210.568893
238.542221
202.453339
209.866669
229.893326
214.915558
200.533340
189.493332
193.617783
185.022217
189.848892
183.875549
128.577774
114.639999
127.680000
140.648895
122.000000
132.986664
118.488892
121.964447
123.786667
56.026669
50.186668
57.057777
50.622223
64.088890
50.524445
44.151112
39.422222
51.919998
54.346668
67.475555
59.795555
56.524445
56.506668
43.804443
57.093334
48.888889
61.831112
72.586670
64.453331
58.000000
54.844444
58.560001
56.400002
65.511108
54.275555
54.746666
50.622223
51.804443
56.808887
36.480000
28.346666
52.044445
31.866667
42.915554
38.622223
42.799999
30.613333
35.004444
44.293335
30.977777
41.493332
52.613335
43.271111
47.102222
43.368889
43.573334
44.177776
53.759998
52.639999
39.733334
38.977779
48.622223
43.066666
49.848888
47.768890
55.342224
59.742222
48.195557
52.506668
37.475555
44.097778
49.715557
49.102222
54.568890
53.555557
48.248890
50.231110
51.182220
50.426666
49.706665
40.924446
47.555557
47.040001
51.680000
38.711113
49.688889
38.791111
40.871113
49.146667
41.866665
40.284443
34.826668
42.142223
42.986668
49.102222
49.315556
52.817780
52.462223
42.391109
46.986668
53.786667
46.346668
35.893333
46.080002
48.755554
48.755554
42.871113
48.862221
52.417778
34.320000
40.755554
33.253334
39.315556
38.088890
42.524445
46.151112
50.666668
43.502224
50.551109
44.346668
45.715557
47.875557
50.951111
43.528889
38.124443
40.684444
44.977779
41.368889
52.995556
39.306667
47.813332
40.026669
37.831112
38.560001
44.213333
45.848888
36.657776
42.995556
44.240002
41.164444
37.653332
44.622223
41.093334
33.119999
37.902222
30.000000
41.315556
34.933334
41.902222
38.328888
36.595554
34.444443
35.928890
46.355556
35.946667
38.177776
43.075554
40.648888
34.853333
43.777779
45.093334
35.235554
32.586666
37.848888
40.568890
35.484444
30.284445
36.986668
44.088890
33.040001
37.386665
43.466667
40.266666
45.413334
43.902222
40.897778
33.226665
35.813332
36.426666
36.391109
25.377777
33.093334
36.088890
49.244446
32.026669
32.124443
39.493332
27.520000
35.173332
45.866665
28.062222
38.675556
40.515556
44.444443
