386.700012
348.000000
326.311096
322.755554
311.857788
331.502228
307.244446
302.222229
227.360001
306.568878
220.800003
239.093338
184.817780
234.773331
240.124451
175.182220
181.119995
222.693329
106.959999
26.062222
22.071112
20.799999
18.400000
24.764444
22.417778
22.195555
37.866665
24.728889
24.195555
24.559999
18.666666
21.884445
34.195557
18.124445
28.577778
32.986668
24.835556
23.706667
22.773333
20.871111
29.760000
27.288889
25.715555
25.502222
20.959999
33.119999
24.124445
31.297777
27.075556
36.782223
26.053333
27.333334
25.991112
20.462223
22.586666
28.524445
28.168888
24.995556
19.004444
19.262222
25.484444
27.217777
24.000000
23.057777
28.382223
22.799999
18.017778
24.959999
25.342222
22.151112
21.866667
22.933332
18.444445
20.808889
19.360001
18.115555
22.515556
17.582222
19.031111
19.377777
18.391111
20.666666
19.395555
19.306667
21.671112
16.400000
13.946667
27.822222
22.213333
36.497776
17.431110
15.973333
13.920000
15.280000
18.764444
22.311111
18.382223
11.511111
14.044444
23.306667
18.462223
24.577778
20.782223
12.817778
23.075556
13.484445
13.822222
15.768888
9.502222
16.791111
22.524445
17.591110
21.191111
16.480000
17.955555
19.146667
22.071112
15.493333
15.457778
17.280001
14.480000
17.537777
22.817778
17.137777
15.884444
17.031111
21.377777
20.533333
18.506666
19.111111
22.933332
12.257778
24.737778
22.240000
11.493333
24.648890
14.942223
23.964445
28.755556
24.639999
19.217777
15.840000
12.462222
25.911112
29.813334
22.426666
23.760000
20.755556
21.697779
25.351110
26.924444
15.813334
23.493334
26.799999
18.933332
14.542222
21.928888
27.128889
22.391111
20.115555
31.102222
18.915556
19.324444
29.093334
24.542223
25.946667
28.684444
23.342222
33.235554
21.680000
20.382223
26.355556
24.320000
25.688889
25.200001
19.057777
29.200001
25.333334
15.528889
16.711111
23.537777
26.719999
19.200001
21.715555
22.017778
26.444445
19.724445
16.124445
21.715555
17.875555
18.657778
23.768888
16.631111
21.137777
31.760000
13.920000
18.799999
25.457777
21.875555
18.444445
13.760000
21.235556
17.822222
15.902223
17.111111
25.288889
14.897778
25.768888
23.368889
20.222221
25.324444
21.031111
21.262222
11.457778
16.897778
21.768888
21.217777
19.848888
18.791111
22.879999
19.742222
20.071112
23.724445
17.662222
20.266666
17.164444
25.591110
24.044445
15.511111
26.035555
22.577778
24.346666
22.026667
17.751112
19.528889
12.080000
16.924444
11.306666
13.955556
12.648889
15.982223
11.884444
12.835556
12.364445
18.124445
20.773333
12.275556
5.671111
14.417778
19.555555
13.626667
