386.700012
337.377777
300.906677
251.057785
240.364441
179.466660
190.195557
179.511108
184.924438
209.031113
199.333328
210.622223
185.813339
111.937775
106.720001
118.746666
113.671112
114.408890
115.546669
110.488892
116.124443
100.426666
115.768890
109.484444
103.457779
105.342224
26.897778
31.813334
35.991112
36.266666
39.191113
29.235556
28.879999
43.448891
39.279999
34.311111
35.706665
29.075556
28.613333
36.275555
36.400002
32.648888
26.524445
24.151112
34.053333
41.386665
32.773335
29.048889
30.008888
29.848888
27.413334
31.280001
32.799999
27.253334
28.879999
19.004444
25.911112
24.071112
27.111111
26.604445
26.115555
37.306667
26.488890
23.626667
30.977777
24.586666
19.066668
34.639999
14.364445
19.137777
30.000000
16.177778
24.071112
18.142221
23.982222
14.488889
21.111111
23.253334
38.124443
39.777779
19.164444
28.604445
25.742222
27.422222
28.151112
20.835556
17.751112
17.342222
18.684444
23.662222
26.062222
23.004444
19.271111
19.902222
14.746667
21.404444
34.346668
15.520000
28.026667
20.826666
22.764444
26.693333
17.120001
26.080000
26.568890
23.333334
18.026667
15.973333
10.568889
12.524445
41.040001
16.026667
15.253333
18.933332
24.151112
15.146667
15.991111
23.840000
16.026667
14.586667
18.959999
17.866667
6.257778
24.266666
10.622222
16.719999
19.217777
15.208889
14.488889
12.071111
18.613333
26.346666
16.657778
20.088888
24.835556
17.991112
15.253333
34.062222
18.826666
18.968889
17.484444
29.777779
15.671111
17.475555
26.604445
16.444445
13.111111
15.288889
15.493333
14.000000
18.728889
10.782222
13.804444
23.102222
12.400000
20.702223
19.200001
28.017778
19.244444
10.720000
13.520000
17.146667
11.564445
18.506666
21.342222
20.639999
22.595556
27.271111
16.853333
19.040001
19.920000
22.097778
25.315556
17.057777
21.955555
19.102222
29.564444
21.742222
12.142222
17.351110
15.315556
15.004444
16.995556
21.493334
24.684444
17.306667
21.528889
25.617777
21.920000
20.080000
16.053333
25.653334
17.360001
26.879999
30.106667
14.808888
19.937778
22.942223
36.595554
18.764444
23.324444
20.799999
14.480000
13.973333
24.986666
20.773333
21.128889
19.537777
20.675556
21.155556
17.520000
13.751111
15.368889
15.066667
23.484444
28.311111
34.142223
21.546667
17.102222
14.782222
25.600000
14.124444
17.528889
44.222221
14.177778
14.755555
24.391111
17.182222
11.262222
18.364445
13.680000
41.848888
19.146667
22.799999
14.880000
30.488890
17.288889
36.773335
21.208889
27.493334
21.422222
26.257778
26.826666
21.022223
24.577778
21.324444
25.022223
16.364445
21.653334
16.071112
18.622223
