386.700012
343.679993
312.915558
322.355560
316.844452
259.057770
209.475555
207.013336
216.284439
227.440002
240.071106
231.146667
237.733337
224.524445
228.835556
229.004440
236.000000
228.648895
176.720001
181.093338
174.951111
171.351105
169.342224
170.471115
170.559998
171.911118
163.493332
164.711105
143.377777
133.146667
58.595554
64.791115
59.484444
57.431110
24.586666
18.453333
6.506667
6.160000
7.831111
6.231111
13.128889
5.884444
6.115556
10.933333
16.195555
10.080000
8.408889
9.404445
7.848889
6.640000
3.608889
7.466667
8.124444
4.986667
5.368889
18.444445
9.457778
20.542223
12.115556
4.764444
6.551111
7.822222
12.666667
12.453333
15.511111
17.857779
19.822222
13.617778
15.546667
18.462223
24.746666
16.853333
17.626667
15.573334
20.275555
12.071111
12.231112
15.466666
17.182222
12.346666
15.386666
10.862223
13.475555
10.551111
14.000000
12.320000
8.888889
17.991112
14.062222
20.746666
15.626667
12.542222
10.311111
5.840000
10.897778
16.684444
9.644444
11.928889
14.924444
11.102222
6.346667
7.502222
6.248889
9.875556
14.764444
14.080000
9.857778
7.093333
5.502222
13.137777
8.915556
8.222222
8.408889
7.022222
14.444445
10.266666
16.195555
12.400000
11.662222
9.111111
8.800000
6.435555
8.275556
16.142221
7.760000
12.693334
11.031111
9.048889
23.093334
8.728889
21.911112
20.373333
21.031111
30.488890
21.111111
27.502222
18.346666
21.466667
23.680000
21.768888
28.453333
35.439999
32.542221
25.200001
24.311111
28.346666
27.662222
29.022223
35.715557
38.231110
27.822222
29.768888
29.635555
40.657776
34.755554
27.742222
27.777779
33.306667
29.866667
25.466667
24.675556
29.680000
17.324444
21.564444
26.053333
34.008888
28.080000
26.924444
23.928888
35.075554
31.680000
19.608889
31.928888
30.222221
30.080000
20.364445
26.097778
27.208889
33.991112
28.844444
30.115555
29.946667
34.480000
31.697779
32.622223
41.831112
33.564445
31.724445
28.933332
31.022223
38.026669
43.155556
40.959999
41.546665
31.644444
36.231110
40.657776
38.888889
39.173332
37.626667
36.915554
37.226665
34.462223
43.875557
37.084446
37.324444
35.928890
30.062222
32.000000
33.902222
35.759998
32.177776
31.653334
33.822224
40.000000
37.973331
30.008888
30.853333
29.688889
22.106667
22.453333
24.631111
18.248888
25.928888
18.195555
20.826666
15.715555
24.551111
27.173334
37.795555
29.484444
23.120001
27.893333
22.168888
27.368889
38.551109
27.315556
31.502222
33.235554
33.662224
30.764444
20.986666
27.680000
37.502224
21.075556
34.160000
34.791111
26.400000
35.537777
17.662222
15.235556
