386.700012
337.733337
299.040009
301.875549
298.977783
278.728882
232.222229
234.293335
236.426666
211.413330
214.257782
204.284439
210.266663
205.404449
189.804443
199.537781
190.462219
190.862228
189.653336
196.737778
199.351105
196.826660
199.137772
187.502228
132.853333
126.053337
160.684448
122.942223
119.164444
126.133331
123.324448
57.511112
43.520000
53.431110
46.657776
45.733334
39.875557
45.288887
41.040001
42.622223
36.391109
31.422222
40.551109
37.893333
42.880001
34.551109
41.937778
45.493332
45.955555
42.462223
44.524445
42.720001
42.248890
44.391109
50.382221
42.995556
47.439999
50.151112
52.817780
64.426666
30.373333
38.728889
55.520000
44.880001
49.564445
41.191113
45.982224
37.448891
49.671112
37.102222
44.195557
26.657778
40.720001
45.893333
36.257778
37.795555
34.977779
45.235554
32.533333
38.995556
48.817780
30.568890
35.902222
27.128889
33.431110
41.919998
41.742222
26.897778
36.177776
34.311111
43.831112
19.555555
33.253334
44.426666
40.248890
45.768890
35.626667
33.502224
34.186668
32.444443
31.448889
30.915556
29.342222
25.955555
24.497778
34.213333
40.577778
38.026669
41.537777
32.346668
40.293335
35.093334
46.595554
37.173332
41.902222
41.537777
37.475555
38.382221
37.315556
53.804443
46.364445
44.204445
39.715557
31.360001
41.368889
35.706665
43.991112
37.102222
35.182220
42.791111
36.240002
24.737778
33.546665
44.595554
45.226665
33.315556
43.715557
40.328888
42.328888
47.768890
38.791111
48.506668
47.111111
44.346668
35.848888
42.000000
47.102222
36.693333
33.288887
42.000000
38.257778
35.617779
50.693333
42.000000
40.062222
32.684444
46.382221
33.688889
44.880001
29.937778
39.653332
36.248890
43.235554
37.599998
39.200001
51.137779
51.146667
46.542221
31.626667
46.906666
45.102222
42.231110
43.128887
40.542221
46.231110
45.466667
37.991112
42.764446
39.031113
49.768890
39.928890
27.288889
35.822224
44.160000
47.360001
40.231110
44.328888
36.364445
39.706665
31.146667
31.573334
35.715557
32.968887
28.959999
32.240002
29.208889
35.680000
36.613335
28.995556
29.466667
35.715557
42.595554
28.826666
36.160000
40.124443
38.844444
36.613335
35.404446
33.919998
31.813334
33.946667
36.080002
34.933334
40.311111
42.017776
43.893333
36.426666
39.351112
32.346668
36.400002
43.777779
32.311111
27.831112
34.266666
40.044445
40.560001
31.626667
34.160000
39.866665
38.737778
33.751110
36.951111
36.791111
40.968887
34.595554
38.577778
43.982224
40.026669
32.995556
32.302223
35.431110
42.151112
41.235554
30.053333
29.804445
34.044445
43.751110
26.133333
31.111111
36.497776
30.151112
