386.700012
358.755554
295.342224
308.959991
273.413330
219.751114
218.391113
249.688889
266.524445
263.431122
238.008896
233.386673
248.559998
242.284439
238.222229
234.266663
238.355560
277.733337
244.444443
233.048889
273.831116
238.337784
221.102219
238.311111
238.471115
242.408890
229.075562
235.991104
229.928894
238.488892
235.306671
241.208893
241.635559
240.800003
236.080002
235.084442
229.582230
228.782227
223.279999
216.257782
225.786667
180.444443
164.106674
184.320007
188.711105
182.231110
159.048889
157.839996
155.448883
163.057785
170.755554
159.982224
147.688889
96.391113
113.324448
107.226669
89.760002
77.777779
65.715553
71.253334
66.515556
75.208885
52.675556
73.475555
63.884445
64.186668
29.831112
42.266666
42.888889
63.831112
61.484444
72.720001
65.262222
64.355553
70.160004
81.822220
62.026669
71.582222
59.422222
70.302223
55.644444
58.560001
73.537781
66.639999
66.177780
70.355553
41.119999
76.000000
71.368889
66.417778
51.635555
56.071110
72.720001
77.422226
42.400002
68.782219
65.591110
64.480003
54.639999
77.031113
55.404446
71.973335
75.075554
69.262222
64.800003
69.111115
69.431114
68.337776
72.133331
65.653336
73.404442
72.533333
76.542221
60.622223
76.933334
71.928886
73.048889
74.133331
62.853333
61.768890
82.515556
55.715557
63.866665
61.422222
74.524445
57.662224
70.480003
75.120003
61.324444
67.191109
73.066666
73.164444
57.271111
62.426666
59.911110
62.737778
43.884445
67.457779
66.373337
66.088890
62.213333
66.648888
47.937778
76.444443
69.093330
64.871109
66.435555
60.000000
76.524445
58.604443
64.248886
71.013336
60.586666
56.542221
74.604446
68.168892
57.884445
59.439999
64.666664
62.515556
63.457779
58.977779
57.466667
70.115555
69.866669
65.866669
67.288887
39.537777
66.933334
57.422222
63.671112
43.644444
64.986664
55.271111
58.320000
59.680000
69.742226
57.875557
69.546669
52.586666
56.337776
80.595558
84.239998
64.213333
65.048889
66.942223
60.631111
55.911110
69.893333
56.462223
58.791111
60.746666
57.439999
53.875557
67.555557
58.604443
58.977779
62.977779
47.946667
61.102222
39.973331
52.728889
50.817780
40.106667
42.880001
37.848888
36.195557
39.626667
37.742222
24.862223
35.084446
33.848888
41.164444
40.257778
50.959999
41.608891
36.577778
41.671112
34.906666
37.448891
34.684444
48.462223
51.786667
42.675556
38.746666
52.648888
44.604443
36.017776
33.706665
32.888889
43.911110
47.697777
47.386665
55.688889
40.871113
38.586666
49.599998
52.080002
48.177776
55.271111
52.808887
62.462223
56.613335
59.617779
60.453335
59.119999
62.257778
50.906666
52.862221
47.884445
55.413334
