386.700012
347.884430
313.262207
317.431122
323.600006
325.022217
311.955566
322.853333
280.826660
255.679993
262.666656
250.942215
243.342224
232.124451
238.133331
237.813339
238.062225
216.115555
212.471115
217.582230
216.648895
216.728882
214.755554
219.626663
203.724442
201.066666
206.328888
199.475555
190.711105
134.151108
149.573334
145.164444
145.004440
142.702225
145.688889
146.791107
151.128891
146.382217
155.022217
141.768890
135.333328
128.960007
147.199997
135.297775
131.191116
140.222229
130.488892
134.995560
131.502228
50.799999
49.448891
43.599998
41.102222
35.724445
44.693333
26.124445
28.364445
26.746666
26.000000
23.351110
20.799999
25.466667
24.799999
19.928888
35.866665
13.466666
21.902222
15.182222
19.502222
15.040000
14.915556
14.871111
13.608889
18.231112
18.053333
12.631111
18.462223
14.080000
19.644444
13.315556
16.853333
11.822222
12.168889
14.231112
19.724445
15.386666
17.084444
20.542223
19.697779
20.177778
18.826666
19.040001
14.026667
14.977777
20.613333
19.946667
20.622223
19.795555
29.084444
30.426666
29.262222
23.351110
29.306667
21.822222
24.115555
23.466667
22.373333
27.848888
27.066668
34.026669
28.871111
18.160000
22.995556
18.817778
16.186666
26.871111
17.200001
21.368889
24.488890
20.151112
13.324445
20.080000
20.213333
16.257778
16.080000
31.128889
23.333334
22.862223
25.155556
30.115555
26.631111
24.568890
24.986666
23.217777
16.177778
24.284445
20.364445
23.733334
23.386667
27.395555
28.924444
26.577778
26.133333
19.422222
26.835556
27.884445
27.351110
23.484444
23.004444
24.453333
25.662222
24.613333
13.048889
27.377777
18.551111
24.177778
11.333333
9.973333
26.133333
25.360001
17.431110
12.560000
15.671111
12.764444
18.106667
23.795555
28.444445
22.426666
26.648890
9.493333
15.244445
19.964445
17.022223
17.137777
18.959999
18.951111
20.728889
11.742222
15.404445
21.715555
16.177778
11.253333
14.515555
16.986666
17.093334
14.684444
15.555555
12.915556
14.142222
15.333333
11.546667
14.231112
13.537778
11.706667
25.004444
21.004444
9.128889
12.231112
10.328889
23.155556
21.404444
10.960000
8.986667
24.417778
12.142222
20.302221
22.195555
21.813334
16.693333
23.111111
14.106667
13.600000
13.306666
16.888889
19.262222
13.884444
12.453333
14.088889
16.853333
9.155556
15.031111
12.924444
25.146667
18.488890
21.724445
15.662222
10.791111
22.897778
9.360000
24.133333
19.564444
17.582222
10.151111
16.071112
13.280000
20.444445
20.799999
20.186666
20.000000
16.853333
18.693333
13.564445
17.324444
23.395555
23.600000
18.417778
13.804444
10.311111
17.715555
17.991112
17.120001
