386.700012
343.608887
338.799988
347.653320
246.044449
233.004440
186.675552
189.493332
180.488892
181.973328
186.168884
188.666672
179.368896
129.688889
131.955551
135.884445
129.715561
128.746674
117.831108
108.355553
35.662224
30.799999
32.426666
35.288887
40.062222
31.795555
31.617777
34.684444
24.497778
29.342222
28.764444
30.151112
26.906666
26.808889
27.866667
34.408890
36.160000
39.208889
36.142223
34.568890
35.840000
33.564445
27.537777
37.057777
31.431110
33.777779
27.155556
31.528889
29.706667
22.231112
20.924444
13.120000
12.364445
18.799999
16.657778
19.857779
15.484445
19.173334
15.591111
16.773333
7.840000
12.595555
10.702222
11.857778
11.520000
11.591111
12.240000
16.257778
6.160000
4.471111
10.631111
10.595555
8.488889
5.440000
9.377778
5.440000
10.311111
12.720000
15.048889
18.266666
7.777778
7.120000
6.648889
6.533333
11.635555
7.315556
9.804444
8.933333
7.244444
5.217778
13.120000
12.248889
4.711111
13.306666
16.631111
10.551111
6.595556
10.160000
9.395555
10.560000
5.075555
11.066667
12.000000
19.448889
5.884444
16.364445
11.564445
9.004444
9.955556
6.257778
11.280000
10.151111
12.782222
9.413333
7.902222
8.222222
21.315556
9.395555
7.146667
15.475555
14.400000
7.688889
11.395555
6.613333
11.271111
9.564445
11.857778
9.786667
14.355556
6.995555
11.706667
15.342222
7.226666
9.813334
11.217778
6.862222
27.146667
7.991111
6.826667
5.351111
7.573333
15.502222
11.928889
8.995556
7.422222
20.186666
8.951111
14.151111
17.093334
10.080000
13.493333
11.280000
11.128889
24.320000
6.595556
7.964445
12.568889
13.991111
17.911112
9.493333
6.888889
10.035556
8.728889
13.795555
9.528889
13.226666
14.702222
23.884445
20.551111
21.368889
29.075556
18.826666
11.813334
13.537778
15.368889
20.986666
20.595556
15.688889
22.000000
17.520000
17.111111
14.942223
28.711111
12.151111
10.800000
7.902222
9.031111
9.511111
8.666667
9.235556
9.982223
14.168889
10.755555
15.386666
10.426666
8.773334
10.471111
15.226666
12.071111
11.253333
12.275556
11.875556
9.226666
16.257778
19.946667
10.542222
13.635555
10.080000
10.853333
22.106667
10.373333
14.417778
14.773334
27.173334
26.133333
20.533333
11.173333
20.097778
21.502222
13.697778
36.071110
43.377777
28.284445
18.711111
19.084444
18.559999
18.355556
32.560001
38.080002
35.422222
39.155556
33.759998
39.368889
47.715557
41.777779
36.871113
41.786667
41.004444
36.897778
41.226665
30.400000
27.751112
24.604445
29.271111
26.631111
26.942223
27.733334
30.471111
26.053333
15.600000
26.879999
