386.700012
347.626678
318.666656
304.542236
250.257782
195.360001
189.404449
190.951111
193.804443
186.595551
180.604446
184.186661
185.626663
179.057785
128.053329
125.715553
127.919998
125.146667
140.479996
126.213333
122.773331
187.004440
130.586670
132.417770
125.191109
127.528893
63.164444
58.053333
53.502224
59.973331
59.520000
55.324444
59.182220
55.537777
52.302223
49.351112
55.271111
52.213333
54.355556
55.279999
54.728889
50.880001
43.653332
49.982224
47.297779
34.835556
43.475555
54.480000
42.657776
48.026669
47.857777
55.200001
41.751110
43.333332
39.208889
47.191113
60.257778
51.084446
45.351112
47.964443
40.453335
38.328888
50.942223
50.551109
38.382221
44.426666
31.368889
36.080002
35.093334
45.288887
42.711113
44.408890
39.057777
48.293335
41.448891
42.400002
39.244446
46.417778
46.444443
38.497776
32.835556
45.777779
50.008888
32.177776
39.119999
35.564445
54.151112
45.208889
37.111111
36.897778
42.035557
33.742222
47.066666
40.702221
33.733334
45.013332
44.915554
28.631111
36.968887
34.515556
28.968889
37.893333
52.542221
49.386665
41.173332
31.288889
29.875555
31.671112
36.382221
45.111111
35.511112
47.546665
40.391109
36.897778
36.213333
38.959999
47.306667
40.008888
37.777779
43.493332
40.728889
31.840000
45.742222
46.133335
34.453335
34.435555
28.480000
35.119999
26.711111
32.817780
29.564444
35.759998
35.457779
33.395557
41.413334
44.728889
29.431110
33.946667
40.942223
36.088890
43.395557
36.817780
46.977779
53.795555
54.506668
49.413334
53.573334
39.066666
52.702221
44.737778
41.644444
38.684444
44.524445
50.026669
60.097778
47.155556
41.902222
51.439999
49.431110
43.439999
39.608891
45.119999
45.288887
32.257778
26.506666
43.288887
24.453333
30.462223
23.324444
30.826666
30.426666
1.297778
4.035555
1.920000
2.702222
1.297778
9.208889
5.653333
8.666667
11.644444
12.160000
14.835556
10.248889
11.573334
12.417778
11.840000
11.715555
12.337778
13.031111
14.995556
15.466666
16.755556
17.297777
18.791111
17.484444
15.342222
20.613333
20.124445
13.733334
19.040001
16.000000
17.226667
12.026667
11.964444
10.924444
11.955556
11.271111
10.177778
10.053333
10.871111
14.568889
16.355556
16.586666
21.324444
15.280000
19.342222
14.800000
17.173334
15.653334
14.586667
15.048889
12.106667
13.671111
16.862223
13.182222
9.866667
11.253333
13.146667
7.004445
7.253334
6.106667
9.004444
6.782222
6.826667
9.155556
14.773334
7.484445
7.688889
5.422222
5.102222
15.262222
6.853333
9.253333
5.271111
2.897778
5.262222
5.875556
8.062222
5.280000
4.204444
9.102222
