0.000579 
0.001895 
0.002553 
0.002364 
0.001308 
-0.000050 
-0.000979 
-0.001163 
-0.002307 
-0.008062 
-0.019356 
-0.028135 
-0.023734 
-0.006148 
0.013013 
0.017721 
0.000929 
-0.026685 
-0.052987 
-0.071954 
-0.068587 
-0.032221 
0.020533 
0.062383 
0.077811 
0.061373 
0.022679 
-0.011909 
-0.024766 
-0.021189 
-0.010313 
0.005029 
0.013168 
-0.001392 
-0.027586 
-0.032808 
-0.006591 
0.027674 
0.044213 
0.036360 
0.016453 
0.005668 
0.009020 
0.006529 
-0.016226 
-0.045501 
-0.057606 
-0.043306 
-0.011277 
0.017947 
0.021813 
-0.005518 
-0.040523 
-0.053231 
-0.044748 
-0.034091 
-0.017852 
0.015549 
0.052309 
0.071757 
0.068532 
0.040157 
-0.008780 
-0.054121 
-0.072745 
-0.055901 
-0.005438 
0.056679 
0.099286 
0.111927 
0.093534 
0.036451 
-0.040094 
-0.087273 
-0.086356 
-0.058883 
-0.019324 
0.028392 
0.063198 
0.062744 
0.032114 
-0.009286 
-0.045892 
-0.062584 
-0.049227 
-0.015582 
0.018746 
0.045565 
0.057706 
0.037451 
-0.013067 
-0.056627 
-0.067636 
-0.058404 
-0.038479 
0.000200 
0.045289 
0.066379 
0.056103 
0.028039 
-0.009936 
-0.052435 
-0.081960 
-0.072732 
-0.016149 
0.055904 
0.097012 
0.091766 
0.047023 
-0.023689 
-0.077692 
-0.069675 
-0.016822 
0.032361 
0.064648 
0.074647 
0.046514 
-0.002916 
-0.044447 
-0.074204 
-0.075746 
-0.026006 
0.041825 
0.074770 
0.072861 
0.050437 
-0.001886 
-0.067099 
-0.092945 
-0.057085 
0.015560 
0.092147 
0.139512 
0.118218 
0.025671 
-0.076944 
-0.124622 
-0.109293 
-0.061812 
-0.004948 
0.054356 
0.101887 
0.111115 
0.065641 
-0.015582 
-0.088359 
-0.118944 
-0.093762 
-0.021016 
0.059837 
0.103082 
0.093462 
0.041289 
-0.029544 
-0.083448 
-0.101020 
-0.090615 
-0.052590 
0.016087 
0.082018 
0.104136 
0.076777 
0.014832 
-0.052913 
-0.084594 
-0.065688 
-0.021584 
0.023148 
0.056122 
0.065197 
0.050787 
0.021687 
-0.018446 
-0.053618 
-0.055494 
-0.015154 
0.046335 
0.092985 
0.094146 
0.044821 
-0.033013 
-0.103621 
-0.121963 
-0.066725 
0.022935 
0.090862 
0.116635 
0.090908 
0.007208 
-0.096611 
-0.150958 
-0.120294 
-0.027671 
0.075318 
0.137347 
0.123949 
0.046074 
-0.041545 
-0.093690 
-0.100048 
-0.067715 
-0.010303 
0.048009 
0.077596 
0.066229 
0.029199 
-0.007832 
-0.028190 
-0.028489 
-0.014160 
0.002179 
0.004736 
-0.010468 
-0.027576 
-0.030916 
-0.023544 
-0.010805 
0.013593 
0.046609 
0.067297 
0.062641 
0.035701 
-0.006883 
-0.047618 
-0.056641 
-0.029070 
0.004182 
0.021816 
0.029296 
0.028202 
0.012554 
-0.011962 
-0.033392 
-0.041587 
-0.027058 
0.006412 
0.039644 
0.060131 
0.064978 
0.049977 
0.017304 
-0.020197 
-0.048825 
-0.054424 
-0.029223 
0.010032 
0.036317 
0.044192 
0.044793 
0.039588 
0.019150 
-0.013917 
-0.038038 
-0.036665 
-0.015205 
0.014763 
0.043902 
0.052725 
0.026357 
-0.020381 
-0.058390 
-0.067545 
-0.043013 
-0.003586 
0.023961 
0.037646 
0.042026 
0.021292 
-0.023046 
-0.053953 
-0.052794 
-0.039067 
-0.025709 
-0.004546 
0.024619 
0.041330 
0.023785 
-0.023283 
-0.069788 
-0.090185 
-0.071205 
-0.009233 
0.067639 
0.106493 
0.085656 
0.030547 
-0.025581 
-0.060723 
-0.062981 
-0.038774 
-0.004007 
0.029528 
0.046745 
0.038018 
0.014266 
-0.010072 
-0.027601 
-0.025539 
0.000741 
0.032322 
0.050970 
0.052835 
0.032844 
-0.010619 
-0.059633 
-0.086820 
-0.076181 
-0.033375 
0.016894 
0.048440 
0.049086 
0.024905 
-0.000295 
-0.004021 
0.007649 
0.010960 
0.000603 
-0.008083 
-0.002861 
0.016568 
0.037284 
0.036802 
0.007823 
-0.029054 
-0.049804 
-0.050465 
-0.037897 
-0.012969 
0.023242 
0.056973 
0.068622 
0.049709 
0.006311 
-0.041776 
-0.062135 
-0.037224 
0.006907 
0.028991 
0.020807 
0.000815 
-0.016724 
-0.027215 
-0.032775 
-0.036294 
-0.027948 
0.004803 
0.047146 
0.065410 
0.047396 
0.008656 
-0.031913 
-0.058332 
-0.053950 
-0.014894 
0.040577 
0.086425 
0.100543 
0.069331 
0.007545 
-0.042305 
-0.055180 
-0.041958 
-0.012723 
0.032332 
0.070509 
0.069401 
0.030849 
-0.016369 
-0.047260 
-0.046088 
-0.013513 
0.027996 
0.053591 
0.049819 
0.017275 
-0.018598 
-0.024921 
-0.004065 
0.011087 
0.003610 
-0.014550 
-0.027768 
-0.030870 
-0.023928 
-0.007522 
0.012054 
0.020983 
0.014797 
0.009132 
0.017606 
0.030647 
0.030072 
0.010441 
-0.019659 
-0.044499 
-0.047698 
-0.023425 
0.016281 
0.046775 
0.044740 
0.004283 
-0.051732 
-0.081697 
-0.061888 
-0.011134 
0.032112 
0.047491 
0.036534 
0.007582 
-0.028889 
-0.059074 
-0.065955 
-0.038866 
0.012333 
0.063424 
0.093462 
0.084740 
0.027739 
-0.056594 
-0.122854 
-0.139967 
-0.108467 
-0.043455 
0.039011 
0.114082 
0.141901 
0.094737 
-0.005741 
-0.099028 
-0.133546 
-0.096742 
-0.015222 
0.069114 
0.121533 
0.114196 
0.043954 
-0.045783 
-0.097896 
-0.089601 
-0.029487 
0.058530 
0.128355 
0.132620 
0.073836 
-0.001702 
-0.058568 
-0.081117 
-0.059463 
-0.001043 
0.064879 
0.095891 
0.060559 
-0.019914 
-0.080944 
-0.085735 
-0.045650 
0.020232 
0.087745 
0.112036 
0.071380 
0.004360 
-0.043176 
-0.064414 
-0.061258 
-0.028853 
0.018963 
0.052438 
0.051554 
0.015923 
-0.030244 
-0.050730 
-0.036397 
-0.009463 
0.012343 
0.020758 
0.008941 
-0.007762 
-0.004273 
0.011220 
0.014153 
0.002383 
-0.015094 
-0.026907 
-0.013136 
0.025300 
0.057001 
0.064058 
0.048885 
0.007503 
-0.048781 
-0.079727 
-0.064568 
-0.023473 
0.017682 
0.041435 
0.038521 
0.024389 
0.021100 
0.019612 
0.004234 
-0.014380 
-0.031099 
-0.057553 
-0.076334 
-0.052342 
0.002392 
0.040843 
0.043288 
0.017877 
-0.025268 
-0.067925 
-0.081429 
-0.045900 
0.030230 
0.107416 
0.140503 
0.111165 
0.030761 
-0.071663 
-0.148548 
-0.151762 
-0.079302 
0.018227 
0.085507 
0.096525 
0.057099 
-0.004981 
-0.060457 
-0.087724 
-0.078364 
-0.045316 
-0.005215 
0.034008 
0.058487 
0.050849 
0.014253 
-0.026441 
-0.044720 
-0.030406 
0.003149 
0.031673 
0.039042 
0.023176 
-0.003650 
-0.023878 
-0.031038 
-0.024600 
-0.002965 
0.021930 
0.031987 
0.027138 
0.016144 
0.003780 
-0.001241 
0.000783 
-0.005163 
-0.014049 
-0.003544 
0.019811 
0.029148 
0.020627 
0.006377 
-0.012145 
-0.035641 
-0.051671 
-0.044232 
-0.016012 
0.009102 
0.013598 
0.004787 
-0.001873 
-0.004096 
-0.009403 
-0.016253 
-0.012989 
-0.001684 
0.000552 
-0.004607 
0.001064 
0.012902 
0.013290 
0.005432 
-0.004404 
-0.023157 
-0.042499 
-0.036747 
-0.003369 
0.028295 
0.033375 
0.014706 
-0.012583 
-0.037994 
-0.048958 
-0.032043 
0.004034 
0.034362 
0.046580 
0.040198 
0.016494 
-0.015333 
-0.041317 
-0.050738 
-0.035634 
-0.000150 
0.036264 
0.053892 
0.039454 
-0.002754 
-0.043644 
-0.063283 
-0.065903 
-0.042420 
0.019548 
0.087927 
0.117178 
0.100076 
0.048954 
-0.021422 
-0.085880 
-0.122380 
-0.114117 
-0.045725 
0.060798 
0.141431 
0.149166 
0.084016 
-0.019358 
-0.108134 
-0.139215 
-0.102808 
-0.019099 
0.074148 
0.128417 
0.113773 
0.043985 
-0.042578 
-0.105034 
-0.111855 
-0.066610 
-0.003417 
0.050856 
0.080887 
0.072144 
0.024933 
-0.039479 
-0.089532 
-0.096272 
-0.054988 
0.006593 
0.055350 
0.073309 
0.052533 
-0.003199 
-0.072017 
-0.121128 
-0.122246 
-0.069203 
0.012660 
0.083308 
0.114711 
0.098068 
0.038971 
-0.041783 
-0.104760 
-0.111287 
-0.061684 
0.002052 
0.041001 
0.047333 
0.030196 
0.003973 
-0.011504 
-0.004054 
0.011241 
0.001293 
-0.045319 
-0.095037 
-0.099429 
-0.049963 
0.017537 
0.071957 
0.101339 
0.088142 
0.027594 
-0.044402 
-0.084820 
-0.079706 
-0.034579 
0.030397 
0.080745 
0.091589 
0.057763 
-0.012554 
-0.088228 
-0.126564 
-0.108200 
-0.040537 
0.050378 
0.114273 
0.108843 
0.045301 
-0.035081 
-0.101554 
-0.128006 
-0.097041 
-0.020258 
0.068854 
0.126369 
0.117039 
0.046852 
-0.045514 
-0.116770 
-0.123250 
-0.053912 
0.043484 
0.114631 
0.131982 
0.082758 
-0.006824 
-0.075622 
-0.087747 
-0.047543 
0.020950 
0.078104 
0.094452 
0.079519 
0.053225 
0.014841 
-0.037631 
-0.089593 
-0.114396 
-0.087794 
-0.019427 
0.053018 
0.105021 
0.118351 
0.070181 
-0.020910 
-0.093184 
-0.111127 
-0.083453 
-0.023493 
0.053983 
0.106802 
0.086186 
-0.003842 
-0.101041 
-0.148915 
-0.133147 
-0.063215 
0.035180 
0.114107 
0.125201 
0.059515 
-0.044264 
-0.123492 
-0.121768 
-0.033822 
0.073667 
0.122654 
0.091707 
0.011685 
-0.073659 
-0.124026 
-0.102044 
-0.008649 
0.102522 
0.175156 
0.175730 
0.092134 
-0.041341 
-0.148917 
-0.171098 
-0.104750 
0.006356 
0.107746 
0.152102 
0.113020 
0.016095 
-0.077561 
-0.122409 
-0.101570 
-0.022293 
0.076123 
0.135670 
0.127419 
0.073246 
0.007323 
-0.052389 
-0.087875 
-0.080211 
-0.029528 
0.036772 
0.075163 
0.062858 
0.019097 
-0.028801 
-0.069731 
-0.090434 
-0.079537 
-0.041077 
0.017773 
0.078033 
0.101684 
0.073415 
0.012675 
-0.061923 
-0.122167 
-0.121921 
-0.060638 
0.004673 
0.037643 
0.044249 
0.030659 
0.001010 
-0.029725 
-0.050184 
-0.058062 
-0.047305 
-0.013809 
0.024207 
0.038192 
0.027012 
0.014515 
0.008818 
-0.002728 
-0.024160 
-0.045131 
-0.053225 
-0.039849 
-0.011183 
0.013126 
0.022500 
0.021452 
0.014389 
0.001855 
-0.013052 
-0.022072 
-0.014606 
0.009837 
0.031412 
0.025073 
-0.008208 
-0.037518 
-0.039196 
-0.022443 
-0.002561 
0.018044 
0.029431 
0.025226 
0.027949 
0.048744 
0.057571 
0.036817 
0.005150 
-0.024341 
-0.047490 
-0.052867 
-0.040405 
-0.017845 
0.014812 
0.041998 
0.035423 
-0.001307 
-0.037337 
-0.052810 
-0.042238 
-0.010317 
0.026124 
0.051896 
0.056917 
0.032184 
-0.010767 
-0.036306 
-0.024831 
0.004918 
0.023954 
0.022942 
0.009863 
-0.004643 
-0.012347 
-0.011410 
-0.010341 
-0.012282 
-0.003661 
0.017881 
0.027465 
0.010960 
-0.014926 
-0.035076 
-0.046552 
-0.040698 
-0.017171 
0.001775 
0.002289 
-0.000970 
0.003933 
0.006343 
-0.003120 
-0.017778 
-0.027557 
-0.026252 
-0.011722 
0.004736 
0.006893 
-0.003644 
-0.014071 
-0.017720 
-0.010261 
0.006908 
0.018967 
0.016677 
0.004745 
-0.017489 
-0.046210 
-0.053768 
-0.020999 
0.031802 
0.068688 
0.068577 
0.034125 
-0.011555 
-0.044332 
-0.051469 
-0.028020 
0.012765 
0.040417 
0.042694 
0.030761 
0.008664 
-0.022886 
-0.049313 
-0.060232 
-0.056388 
-0.034028 
0.002940 
0.035551 
0.058910 
0.079825 
0.079598 
0.032530 
-0.042661 
-0.096935 
-0.103017 
-0.061261 
0.012481 
0.081706 
0.105914 
0.078994 
0.027802 
-0.024043 
-0.061614 
-0.071498 
-0.054230 
-0.018561 
0.031660 
0.081871 
0.105023 
0.089242 
0.040281 
-0.029684 
-0.088037 
-0.093181 
-0.042465 
0.024489 
0.070822 
0.080060 
0.048571 
-0.006959 
-0.051351 
-0.058193 
-0.032245 
0.001566 
0.027040 
0.037300 
0.021275 
-0.017385 
-0.045318 
-0.033788 
0.009191 
0.054305 
0.077118 
0.067762 
0.033412 
-0.008897 
-0.040003 
-0.043149 
-0.020049 
0.007096 
0.021602 
0.018422 
-0.006159 
-0.038255 
-0.048673 
-0.034574 
-0.016402 
0.003484 
0.029681 
0.046030 
0.039973 
0.018862 
-0.013800 
-0.053288 
-0.073716 
-0.056348 
-0.018263 
0.015475 
0.039593 
0.053741 
0.052597 
0.037315 
0.012396 
-0.022584 
-0.061557 
-0.086512 
-0.082541 
-0.047811 
0.005145 
0.052186 
0.076750 
0.080015 
0.060785 
0.014683 
-0.039220 
-0.071500 
-0.076398 
-0.061296 
-0.030210 
0.006918 
0.039028 
0.058604 
0.048417 
0.004748 
-0.034589 
-0.038270 
-0.022777 
-0.006763 
0.017138 
0.042013 
0.042076 
0.016748 
-0.009722 
-0.025041 
-0.035535 
-0.040524 
-0.020587 
0.031315 
0.079132 
0.079484 
0.036708 
-0.015201 
-0.056245 
-0.074409 
-0.061225 
-0.031768 
-0.006470 
0.015036 
0.030459 
0.026377 
0.009664 
-0.002622 
-0.015007 
-0.031009 
-0.029875 
-0.002014 
0.025345 
0.021349 
-0.010025 
-0.034550 
-0.027763 
0.000156 
0.027895 
0.043895 
0.036003 
0.003148 
-0.024896 
-0.022613 
0.000865 
0.029335 
0.051276 
0.049259 
0.024371 
0.001791 
-0.008794 
-0.012798 
-0.006924 
-0.000272 
-0.015016 
-0.042412 
-0.051422 
-0.036060 
-0.011010 
0.014118 
0.029811 
0.025381 
0.006510 
-0.005666 
0.001819 
0.020994 
0.037005 
0.043904 
0.038793 
0.020024 
-0.000480 
-0.005357 
0.005297 
0.018073 
0.022587 
0.015384 
0.004247 
0.003423 
0.010023 
0.001630 
-0.030141 
-0.060260 
-0.053964 
-0.008023 
0.039629 
0.050286 
0.023060 
-0.014551 
-0.036921 
-0.034838 
-0.015440 
0.008066 
0.028533 
0.039401 
0.030504 
0.006997 
-0.004770 
0.013061 
0.047423 
0.069644 
0.061999 
0.028170 
-0.011285 
-0.029709 
-0.008475 
0.044948 
0.093896 
0.100801 
0.058527 
-0.008053 
-0.063768 
-0.082201 
-0.059542 
-0.016952 
0.019706 
0.037323 
0.034631 
0.018448 
-0.002396 
-0.021866 
-0.028477 
-0.009337 
0.024709 
0.046561 
0.050438 
0.047645 
0.035272 
0.003333 
-0.040313 
-0.073121 
-0.077438 
-0.053570 
-0.012252 
0.041295 
0.090760 
0.097157 
0.048165 
-0.015811 
-0.056704 
-0.069327 
-0.053748 
-0.011438 
0.045356 
0.096640 
0.108564 
0.060182 
-0.014896 
-0.069447 
-0.093588 
-0.079254 
-0.011827 
0.077801 
0.131634 
0.125742 
0.068591 
-0.015313 
-0.081507 
-0.089864 
-0.039703 
0.032790 
0.083820 
0.086347 
0.039403 
-0.034973 
-0.098396 
-0.112308 
-0.066511 
0.015515 
0.093325 
0.119791 
0.075487 
-0.001473 
-0.066641 
-0.109012 
-0.111823 
-0.056302 
0.030120 
0.094877 
0.108863 
0.071483 
0.006986 
-0.049233 
-0.075447 
-0.062358 
-0.013482 
0.040812 
0.065371 
0.054597 
0.020981 
-0.023040 
-0.055795 
-0.052947 
-0.015033 
0.031770 
0.064500 
0.074019 
0.051417 
-0.000281 
-0.043024 
-0.041710 
-0.018094 
-0.012208 
-0.019353 
-0.016340 
-0.003170 
0.008910 
0.006960 
-0.017044 
-0.043378 
-0.037703 
0.003930 
0.049094 
0.061216 
0.030817 
-0.019855 
-0.064820 
-0.086749 
-0.066332 
-0.003350 
0.064344 
0.097504 
0.086478 
0.044613 
0.001065 
-0.019247 
-0.018376 
-0.007751 
0.007603 
0.016193 
0.009560 
-0.003728 
-0.016420 
-0.025725 
-0.023155 
-0.010658 
-0.000198 
0.007328 
0.013178 
0.015571 
0.020478 
0.024392 
0.011740 
-0.013978 
-0.038067 
-0.055203 
-0.051076 
-0.013981 
0.032432 
0.059352 
0.063891 
0.047540 
0.014656 
-0.017456 
-0.040008 
-0.048832 
-0.026062 
0.025809 
0.069095 
0.078459 
0.053745 
-0.001775 
-0.068623 
-0.108666 
-0.099854 
-0.046611 
0.026596 
0.071268 
0.050306 
-0.008795 
-0.045441 
-0.044710 
-0.035338 
-0.031319 
-0.018487 
0.011245 
0.038458 
0.037586 
0.009126 
-0.023486 
-0.039547 
-0.028305 
0.005079 
0.029525 
0.016882 
-0.021664 
-0.060005 
-0.088483 
-0.094709 
-0.063605 
-0.011841 
0.026712 
0.041835 
0.039799 
0.023758 
0.000859 
-0.017446 
-0.024507 
-0.018377 
-0.001285 
0.019609 
0.034206 
0.030235 
0.002787 
-0.035168 
-0.061336 
-0.056361 
-0.014446 
0.038338 
0.057899 
0.030342 
-0.024501 
-0.082864 
-0.114014 
-0.085063 
-0.005128 
0.075119 
0.115139 
0.099618 
0.035854 
-0.040132 
-0.085016 
-0.078511 
-0.031633 
0.019322 
0.040054 
0.028555 
0.003576 
-0.022817 
-0.037754 
-0.023589 
0.015956 
0.055884 
0.072775 
0.051168 
-0.001663 
-0.047797 
-0.060540 
-0.049269 
-0.023071 
0.018942 
0.056478 
0.060673 
0.027438 
-0.027000 
-0.071989 
-0.069489 
-0.017909 
0.036650 
0.059120 
0.051017 
0.022676 
-0.011726 
-0.033688 
-0.037792 
-0.026903 
0.000138 
0.033589 
0.052874 
0.050839 
0.033324 
0.009003 
-0.009719 
-0.020802 
-0.036707 
-0.052399 
-0.041727 
-0.002322 
0.032954 
0.033965 
-0.002499 
-0.053531 
-0.081700 
-0.063356 
-0.011597 
0.038847 
0.066902 
0.071757 
0.053331 
0.012162 
-0.033845 
-0.061017 
-0.071475 
-0.077938 
-0.066391 
-0.017203 
0.047373 
0.079928 
0.064187 
0.023354 
-0.018152 
-0.055628 
-0.087748 
-0.103093 
-0.091797 
-0.056597 
-0.009399 
0.036286 
0.071076 
0.088213 
0.073473 
0.015084 
-0.064539 
-0.115180 
-0.108537 
-0.056079 
0.016111 
0.081076 
0.111723 
0.098383 
0.054609 
-0.004251 
-0.061529 
-0.089350 
-0.070100 
-0.016181 
0.042232 
0.074385 
0.061863 
0.020532 
-0.009429 
-0.011224 
-0.001410 
0.008422 
0.024270 
0.043636 
0.049434 
0.036760 
0.020534 
0.011386 
0.004383 
-0.005570 
-0.015680 
-0.022868 
-0.022571 
-0.007858 
0.016896 
0.035939 
0.040511 
0.032456 
0.018244 
0.012067 
0.024989 
0.044046 
0.043098 
0.012063 
-0.034950 
-0.070934 
-0.076734 
-0.056647 
-0.023919 
0.018538 
0.062299 
0.082757 
0.064281 
0.012979 
-0.050392 
-0.089240 
-0.070111 
-0.003172 
0.061321 
0.082909 
0.059052 
0.016261 
-0.017698 
-0.034592 
-0.031680 
-0.003519 
0.036405 
0.057802 
0.047095 
0.017395 
-0.007869 
-0.012922 
-0.003160 
0.008607 
0.024495 
0.041389 
0.037912 
0.011863 
-0.016779 
-0.039514 
-0.048841 
-0.031214 
-0.001557 
0.014334 
0.024271 
0.038840 
0.041172 
0.021606 
-0.011523 
-0.052557 
-0.087948 
-0.092793 
-0.057217 
0.006642 
0.072747 
0.108095 
0.093179 
0.032065 
-0.054654 
-0.124179 
-0.125938 
-0.052783 
0.049207 
0.124900 
0.135509 
0.073366 
-0.027440 
-0.121883 
-0.169736 
-0.133250 
-0.019042 
0.107267 
0.177395 
0.157361 
0.055182 
-0.075179 
-0.165093 
-0.166014 
-0.074079 
0.060029 
0.161626 
0.171171 
0.079027 
-0.058743 
-0.168422 
-0.203929 
-0.149576 
-0.029092 
0.101128 
0.180251 
0.166657 
0.060778 
-0.084101 
-0.184188 
-0.178358 
-0.076598 
0.057361 
0.161750 
0.183593 
0.104179 
-0.023720 
-0.130229 
-0.169781 
-0.120546 
-0.019582 
0.062242 
0.098543 
0.096370 
0.054850 
-0.011213 
-0.057499 
-0.053318 
-0.009953 
0.034754 
0.046516 
0.025252 
-0.001193 
-0.015100 
-0.015491 
-0.003521 
0.008141 
0.004077 
-0.005053 
-0.002489 
0.003078 
-0.001577 
-0.012305 
-0.018939 
-0.009593 
0.022699 
0.055282 
0.050289 
0.004993 
-0.047417 
-0.080742 
-0.087750 
-0.067698 
-0.027950 
0.015457 
0.048126 
0.056703 
0.030995 
-0.020841 
-0.068757 
-0.079639 
-0.041718 
0.024629 
0.082103 
0.102891 
0.076344 
0.007567 
-0.076030 
-0.129340 
-0.118852 
-0.051016 
0.037581 
0.116361 
0.164081 
0.147755 
0.048244 
-0.088292 
-0.172709 
-0.155804 
-0.060989 
0.054128 
0.138907 
0.153398 
0.090186 
-0.004044 
-0.073762 
-0.094632 
-0.066082 
-0.001686 
0.068999 
0.107185 
0.093239 
0.043175 
-0.013393 
-0.051382 
-0.050352 
-0.014962 
0.019361 
0.029610 
0.029303 
0.038727 
0.055067 
0.057531 
0.038084 
0.015503 
0.002812 
-0.009088 
-0.017035 
-0.008415 
0.001533 
-0.001244 
-0.000349 
0.003402 
-0.009710 
-0.023154 
-0.013069 
0.004617 
0.016046 
0.026766 
0.023272 
-0.004363 
-0.033232 
-0.048399 
-0.052884 
-0.038374 
-0.003731 
0.031329 
0.054457 
0.056066 
0.019282 
-0.040222 
-0.072764 
-0.056487 
-0.012592 
0.033630 
0.065007 
0.063330 
0.024537 
-0.027755 
-0.063053 
-0.067052 
-0.039751 
0.008912 
0.053517 
0.065649 
0.040254 
-0.007526 
-0.059322 
-0.089637 
-0.075902 
-0.026693 
0.030508 
0.078723 
0.102447 
0.084296 
0.030290 
-0.034837 
-0.088547 
-0.108399 
-0.079703 
-0.017724 
0.043494 
0.079424 
0.077535 
0.036478 
-0.026219 
-0.081238 
-0.104800 
-0.086152 
-0.029175 
0.042052 
0.085647 
0.069730 
0.005229 
-0.062226 
-0.091103 
-0.066615 
-0.004864 
0.058190 
0.095955 
0.101969 
0.079340 
0.039517 
0.000899 
-0.025121 
-0.036797 
-0.030240 
-0.003043 
0.034356 
0.065040 
0.078552 
0.073056 
0.048008 
0.004937 
-0.036967 
-0.047880 
-0.025033 
0.006730 
0.030510 
0.037090 
0.014670 
-0.025218 
-0.049664 
-0.046747 
-0.026445 
0.000329 
0.014262 
0.000537 
-0.021208 
-0.022899 
-0.009575 
-0.000114 
0.002450 
0.000333 
-0.008705 
-0.022553 
-0.032685 
-0.033905 
-0.030809 
-0.029613 
-0.025346 
-0.008727 
0.015456 
0.033454 
0.039808 
0.033841 
0.012119 
-0.018824 
-0.035956 
-0.023596 
0.007003 
0.033859 
0.045973 
0.038084 
0.006032 
-0.034424 
-0.048134 
-0.020928 
0.019685 
0.041370 
0.044589 
0.043958 
0.033516 
-0.002613 
-0.054076 
-0.082034 
-0.057478 
0.008404 
0.077348 
0.119991 
0.124341 
0.086937 
0.022976 
-0.032931 
-0.057926 
-0.054769 
-0.031803 
0.003682 
0.036873 
0.052494 
0.043487 
0.012360 
-0.022516 
-0.039340 
-0.036950 
-0.024859 
-0.004117 
0.020955 
0.036609 
0.034983 
0.018916 
-0.000883 
-0.007184 
0.008962 
0.036966 
0.057134 
0.052695 
0.019452 
-0.028582 
-0.069226 
-0.084702 
-0.068587 
-0.032841 
0.004999 
0.040129 
0.062143 
0.047485 
-0.000386 
-0.048146 
-0.076203 
-0.074670 
-0.028824 
0.040540 
0.079739 
0.073718 
0.047023 
0.001633 
-0.066062 
-0.112787 
-0.089160 
-0.006317 
0.084230 
0.139700 
0.132492 
0.062471 
-0.028892 
-0.092430 
-0.104026 
-0.062957 
0.013639 
0.094376 
0.137636 
0.104472 
-0.001490 
-0.116490 
-0.168835 
-0.130573 
-0.019839 
0.109194 
0.180600 
0.142802 
0.025181 
-0.089563 
-0.143345 
-0.119195 
-0.035529 
0.063710 
0.134973 
0.143017 
0.079930 
-0.020810 
-0.110707 
-0.147120 
-0.107170 
-0.018375 
0.061730 
0.104543 
0.109929 
0.082189 
0.035013 
-0.011200 
-0.035882 
-0.017992 
0.036249 
0.078448 
0.073097 
0.032115 
-0.021805 
-0.071535 
-0.095211 
-0.081785 
-0.038697 
0.015986 
0.051379 
0.048419 
0.026155 
0.005530 
-0.015077 
-0.029796 
-0.027787 
-0.013729 
0.011391 
0.044452 
0.053394 
0.016438 
-0.036943 
-0.064911 
-0.054856 
-0.015511 
0.036810 
0.086764 
0.119286 
0.110534 
0.050141 
-0.027032 
-0.069634 
-0.063632 
-0.027125 
0.027240 
0.090886 
0.130781 
0.107745 
0.029125 
-0.060489 
-0.129712 
-0.153513 
-0.099568 
0.020384 
0.132641 
0.169212 
0.117808 
0.013356 
-0.092034 
-0.153638 
-0.144011 
-0.068552 
0.031591 
0.106380 
0.125664 
0.086177 
0.004496 
-0.081268 
-0.119527 
-0.090601 
-0.025967 
0.038081 
0.084764 
0.092492 
0.049157 
-0.015969 
-0.059029 
-0.061791 
-0.032818 
0.005951 
0.032207 
0.036811 
0.025153 
0.009019 
-0.003593 
-0.015814 
-0.032836 
-0.047849 
-0.052429 
-0.046517 
-0.025560 
0.013870 
0.051649 
0.059513 
0.035083 
-0.000687 
-0.028181 
-0.041650 
-0.045081 
-0.038280 
-0.017768 
0.006849 
0.020375 
0.024190 
0.029859 
0.037122 
0.032041 
0.008040 
-0.016577 
-0.019093 
-0.004874 
0.009077 
0.016696 
0.004618 
-0.033319 
-0.060219 
-0.043031 
-0.001689 
0.037983 
0.065889 
0.054621 
-0.002546 
-0.056759 
-0.071463 
-0.053259 
-0.007341 
0.053763 
0.089289 
0.077275 
0.036808 
-0.007953 
-0.042839 
-0.059657 
-0.057010 
-0.028537 
0.026587 
0.077566 
0.087985 
0.055733 
0.000727 
-0.053416 
-0.079091 
-0.065364 
-0.028410 
0.016647 
0.060531 
0.079020 
0.055125 
0.010046 
-0.026046 
-0.046351 
-0.047123 
-0.020315 
0.015296 
0.024244 
0.005894 
-0.010085 
-0.013053 
-0.011633 
-0.003439 
0.015341 
0.030537 
0.025261 
0.001584 
-0.020095 
-0.021879 
-0.011893 
-0.013956 
-0.028702 
-0.032298 
-0.014843 
0.005089 
0.005231 
-0.014003 
-0.026705 
-0.010268 
0.025571 
0.057065 
0.075286 
0.073241 
0.038524 
-0.020975 
-0.076296 
-0.101379 
-0.079622 
-0.018731 
0.038286 
0.059841 
0.058473 
0.046415 
0.010971 
-0.041511 
-0.073599 
-0.064840 
-0.031894 
0.000041 
0.025423 
0.051645 
0.067558 
0.048177 
-0.002066 
-0.047163 
-0.058080 
-0.025648 
0.035628 
0.082791 
0.082956 
0.049336 
0.013785 
-0.009501 
-0.022231 
-0.027795 
-0.021124 
0.000942 
0.020958 
0.026809 
0.032571 
0.035699 
0.010087 
-0.036298 
-0.067325 
-0.068686 
-0.040290 
0.013332 
0.063009 
0.070604 
0.022986 
-0.055026 
-0.107781 
-0.100206 
-0.057905 
-0.013579 
0.035028 
0.075808 
0.080849 
0.057033 
0.022616 
-0.017371 
-0.039982 
-0.024586 
0.008051 
0.035305 
0.056748 
0.059943 
0.028749 
-0.021696 
-0.059008 
-0.061482 
-0.026888 
0.025238 
0.066511 
0.076686 
0.048389 
-0.004758 
-0.051956 
-0.069678 
-0.056017 
-0.026959 
-0.001919 
0.016242 
0.039109 
0.065035 
0.071266 
0.038345 
-0.023934 
-0.074537 
-0.077566 
-0.037057 
0.020160 
0.068993 
0.079564 
0.035619 
-0.030109 
-0.067966 
-0.063072 
-0.029100 
0.015181 
0.053116 
0.070708 
0.055014 
0.007500 
-0.042029 
-0.064364 
-0.060544 
-0.039466 
-0.002766 
0.035553 
0.057292 
0.060320 
0.044949 
0.009082 
-0.032868 
-0.056275 
-0.048420 
-0.012437 
0.034167 
0.066596 
0.071270 
0.050982 
0.015897 
-0.020082 
-0.043084 
-0.044808 
-0.020462 
0.024907 
0.065080 
0.075140 
0.064750 
0.054821 
0.034652 
-0.011905 
-0.060059 
-0.073282 
-0.048497 
0.000358 
0.058752 
0.097238 
0.090570 
0.046156 
-0.017113 
-0.079284 
-0.100556 
-0.056290 
0.022020 
0.087980 
0.116760 
0.089145 
0.011209 
-0.066906 
-0.102937 
-0.093565 
-0.046241 
0.026493 
0.092119 
0.117725 
0.094649 
0.035268 
-0.034956 
-0.083063 
-0.083822 
-0.037996 
0.025497 
0.070944 
0.080683 
0.055401 
0.007318 
-0.037072 
-0.050787 
-0.031833 
0.000861 
0.025855 
0.027253 
0.010464 
0.000382 
0.001190 
-0.008394 
-0.032536 
-0.054379 
-0.060248 
-0.041947 
-0.005935 
0.021930 
0.028606 
0.022302 
0.005517 
-0.015571 
-0.019267 
-0.003456 
0.007854 
0.007785 
0.014087 
0.034509 
0.052585 
0.045518 
0.014097 
-0.018640 
-0.045202 
-0.069507 
-0.070086 
-0.028369 
0.026125 
0.052851 
0.043775 
0.008846 
-0.031901 
-0.050139 
-0.040072 
-0.019232 
0.004476 
0.028318 
0.038528 
0.029204 
0.008279 
-0.019537 
-0.044908 
-0.048386 
-0.027122 
0.000519 
0.021803 
0.032530 
0.023580 
-0.007903 
-0.047760 
-0.078530 
-0.089650 
-0.075421 
-0.038461 
0.007014 
0.041507 
0.050207 
0.033722 
0.008364 
-0.010893 
-0.018260 
-0.009367 
0.013915 
0.038723 
0.054868 
0.058111 
0.043393 
0.011854 
-0.028013 
-0.065838 
-0.081918 
-0.062082 
-0.022797 
0.017935 
0.062172 
0.090478 
0.069385 
0.014497 
-0.032441 
-0.063021 
-0.073937 
-0.045890 
0.009597 
0.052739 
0.065595 
0.050693 
0.010721 
-0.040592 
-0.074311 
-0.069858 
-0.036398 
-0.004664 
0.009764 
0.019206 
0.031453 
0.037008 
0.032658 
0.023742 
0.008114 
-0.013901 
-0.025820 
-0.013155 
0.014929 
0.035920 
0.038879 
0.025450 
-0.002713 
-0.033930 
-0.040596 
-0.010727 
0.032348 
0.058512 
0.059113 
0.040484 
0.012176 
-0.013646 
-0.026180 
-0.025337 
-0.019990 
-0.013712 
-0.003864 
0.007849 
0.020577 
0.038691 
0.056917 
0.060307 
0.043564 
0.012670 
-0.019643 
-0.033973 
-0.017583 
0.026602 
0.081498 
0.107594 
0.068348 
-0.015824 
-0.087584 
-0.116898 
-0.098627 
-0.035076 
0.048761 
0.116155 
0.134561 
0.078483 
-0.030433 
-0.114405 
-0.121063 
-0.067371 
0.007739 
0.075435 
0.107392 
0.088231 
0.031885 
-0.034383 
-0.081418 
-0.086914 
-0.049110 
0.015512 
0.077892 
0.104435 
0.083943 
0.037600 
-0.008200 
-0.036498 
-0.034413 
-0.001323 
0.042079 
0.062755 
0.041263 
-0.007883 
-0.054284 
-0.079512 
-0.072176 
-0.029846 
0.020732 
0.045196 
0.039519 
0.018695 
-0.007913 
-0.031903 
-0.039310 
-0.022621 
0.006910 
0.029557 
0.038298 
0.033869 
0.010690 
-0.024777 
-0.044226 
-0.032180 
0.002441 
0.046163 
0.076482 
0.066486 
0.019860 
-0.031279 
-0.061052 
-0.058431 
-0.027659 
0.010096 
0.035071 
0.040213 
0.024951 
-0.004860 
-0.036818 
-0.052861 
-0.036489 
0.002690 
0.033621 
0.042211 
0.029623 
-0.001348 
-0.021790 
-0.003882 
0.020272 
0.011058 
-0.012090 
-0.028000 
-0.048518 
-0.061891 
-0.038740 
0.013266 
0.062761 
0.081491 
0.051458 
-0.008240 
-0.052275 
-0.062234 
-0.045649 
-0.012159 
0.019347 
0.031513 
0.028205 
0.016363 
-0.002675 
-0.017301 
-0.018251 
-0.013832 
-0.011650 
-0.011016 
-0.014901 
-0.025027 
-0.034370 
-0.036870 
-0.030689 
-0.011232 
0.022718 
0.055168 
0.062027 
0.039074 
0.004514 
-0.024464 
-0.038054 
-0.029889 
-0.006482 
0.015854 
0.030467 
0.038450 
0.040036 
0.040236 
0.041042 
0.031450 
0.005564 
-0.024359 
-0.043024 
-0.041767 
-0.015779 
0.031260 
0.080892 
0.102795 
0.076438 
0.017857 
-0.038629 
-0.078187 
-0.090536 
-0.056075 
0.012046 
0.065064 
0.078457 
0.057407 
0.003767 
-0.061351 
-0.088205 
-0.058155 
-0.003999 
0.043453 
0.075578 
0.082090 
0.055300 
0.001724 
-0.061974 
-0.107874 
-0.106235 
-0.053578 
0.022092 
0.084484 
0.101036 
0.054642 
-0.030755 
-0.098965 
-0.110244 
-0.067006 
0.006526 
0.083249 
0.124502 
0.098259 
0.024265 
-0.047196 
-0.092376 
-0.102911 
-0.061798 
0.018942 
0.083086 
0.085935 
0.034303 
-0.030740 
-0.065798 
-0.051132 
-0.004525 
0.037578 
0.054128 
0.041844 
0.003590 
-0.047357 
-0.085151 
-0.083711 
-0.033490 
0.044717 
0.103439 
0.102327 
0.046432 
-0.024990 
-0.080227 
-0.098177 
-0.060208 
0.017678 
0.079310 
0.085173 
0.046011 
-0.001059 
-0.023650 
-0.012354 
0.016233 
0.041561 
0.054210 
0.041996 
-0.002904 
-0.061353 
-0.102633 
-0.104304 
-0.052700 
0.034909 
0.102237 
0.105098 
0.047594 
-0.037013 
-0.102803 
-0.103106 
-0.032272 
0.059657 
0.116804 
0.112462 
0.049863 
-0.035696 
-0.097534 
-0.109122 
-0.071221 
-0.003935 
0.061785 
0.092697 
0.070425 
0.010482 
-0.047777 
-0.076563 
-0.072143 
-0.037389 
0.022133 
0.082392 
0.104925 
0.067942 
-0.009142 
-0.076518 
-0.095444 
-0.065266 
-0.007247 
0.060468 
0.115980 
0.126463 
0.077498 
-0.006612 
-0.080856 
-0.108259 
-0.078500 
-0.012202 
0.055256 
0.092547 
0.082528 
0.034843 
-0.021029 
-0.061437 
-0.074247 
-0.054810 
-0.012101 
0.035769 
0.072106 
0.077842 
0.039095 
-0.027408 
-0.080724 
-0.093024 
-0.060887 
0.005559 
0.079527 
0.118313 
0.095440 
0.029626 
-0.037900 
-0.084211 
-0.103045 
-0.082199 
-0.013641 
0.073158 
0.118350 
0.092388 
0.027542 
-0.030228 
-0.067545 
-0.081199 
-0.061162 
-0.017752 
0.019565 
0.035904 
0.035755 
0.022188 
-0.003128 
-0.028277 
-0.037344 
-0.026828 
-0.008640 
0.006814 
0.020270 
0.029361 
0.025976 
0.014603 
0.006667 
-0.002720 
-0.025047 
-0.052980 
-0.065333 
-0.049010 
-0.009536 
0.032813 
0.055707 
0.047031 
0.013995 
-0.018391 
-0.029887 
-0.021451 
-0.000730 
0.023856 
0.032470 
0.016207 
-0.005990 
-0.023132 
-0.039863 
-0.041683 
-0.015092 
0.017056 
0.031000 
0.028165 
0.009102 
-0.022765 
-0.048700 
-0.062485 
-0.068343 
-0.051292 
-0.002176 
0.049604 
0.066331 
0.039845 
-0.005418 
-0.029740 
-0.015538 
0.012933 
0.024216 
0.013825 
-0.005975 
-0.020477 
-0.014226 
0.012408 
0.036082 
0.039314 
0.031857 
0.026760 
0.016258 
-0.009589 
-0.039614 
-0.053822 
-0.045659 
-0.023980 
-0.001549 
0.014522 
0.019686 
0.008835 
-0.011650 
-0.023055 
-0.017302 
-0.000233 
0.022541 
0.036928 
0.024613 
-0.005486 
-0.027540 
-0.035243 
-0.033278 
-0.021229 
-0.006301 
0.002724 
0.009329 
0.014408 
0.012750 
0.006716 
-0.001322 
-0.016324 
-0.036976 
-0.051146 
-0.044794 
-0.013594 
0.026068 
0.050359 
0.054170 
0.043567 
0.018862 
-0.017294 
-0.055494 
-0.087143 
-0.101307 
-0.083971 
-0.035556 
0.019915 
0.051244 
0.048623 
0.032508 
0.025077 
0.024741 
0.020233 
0.009355 
-0.003492 
-0.011795 
-0.008049 
0.008983 
0.027391 
0.033028 
0.028956 
0.026136 
0.016612 
-0.007175 
-0.022134 
-0.011915 
0.002905 
0.008096 
0.011564 
0.008214 
-0.008036 
-0.022604 
-0.030132 
-0.034776 
-0.020618 
0.021139 
0.061975 
0.071379 
0.046381 
-0.001586 
-0.052422 
-0.074118 
-0.046028 
0.010077 
0.048831 
0.055549 
0.043456 
0.010661 
-0.038470 
-0.061678 
-0.032369 
0.023335 
0.072124 
0.093990 
0.073012 
0.020526 
-0.031981 
-0.067770 
-0.072448 
-0.034296 
0.023482 
0.067116 
0.086287 
0.072076 
0.019484 
-0.044148 
-0.081371 
-0.075824 
-0.031635 
0.027067 
0.070361 
0.085716 
0.074078 
0.042170 
0.001991 
-0.040405 
-0.080656 
-0.100505 
-0.087394 
-0.051595 
-0.008148 
0.027477 
0.041213 
0.041942 
0.044734 
0.036851 
0.005158 
-0.030442 
-0.045320 
-0.037955 
-0.019955 
-0.003947 
0.002907 
0.004217 
0.010562 
0.024507 
0.028974 
0.008767 
-0.018903 
-0.027816 
-0.026142 
-0.035032 
-0.045010 
-0.033529 
-0.003856 
0.018643 
0.022601 
0.025504 
0.040317 
0.048776 
0.034603 
0.011773 
-0.003526 
-0.010654 
-0.010849 
-0.006016 
0.003255 
0.020726 
0.035888 
0.028294 
0.000670 
-0.024691 
-0.032846 
-0.018426 
0.012157 
0.036103 
0.035997 
0.018109 
0.001663 
-0.004071 
-0.012313 
-0.033493 
-0.045980 
-0.028674 
0.000442 
0.016003 
0.017952 
0.015082 
0.015624 
0.022352 
0.018801 
-0.005171 
-0.028098 
-0.031875 
-0.026152 
-0.019393 
-0.008533 
0.000583 
-0.007303 
-0.036169 
-0.062632 
-0.051955 
-0.004856 
0.037624 
0.046507 
0.027131 
-0.003154 
-0.022891 
-0.013229 
0.019750 
0.050005 
0.060320 
0.050841 
0.031636 
0.014204 
0.001048 
-0.010712 
-0.015631 
-0.003662 
0.021995 
0.043375 
0.044146 
0.022147 
-0.013092 
-0.048550 
-0.069911 
-0.066627 
-0.041121 
-0.004746 
0.029855 
0.046720 
0.036591 
0.012887 
-0.005577 
-0.019479 
-0.032959 
-0.037071 
-0.026761 
-0.007732 
0.014089 
0.027618 
0.021411 
0.005660 
-0.001095 
-0.001995 
-0.007840 
-0.014403 
-0.011940 
0.003877 
0.028622 
0.044990 
0.040626 
0.023839 
0.001495 
-0.027729 
-0.047812 
-0.036652 
-0.004944 
0.017820 
0.025607 
0.031617 
0.038602 
0.037761 
0.027402 
0.016083 
0.009837 
0.008527 
0.008868 
0.004383 
-0.007525 
-0.018202 
-0.015209 
0.007054 
0.039187 
0.053491 
0.031342 
-0.006492 
-0.029236 
-0.036438 
-0.038920 
-0.037246 
-0.032346 
-0.020206 
0.010189 
0.051853 
0.081989 
0.086150 
0.058400 
0.005772 
-0.042945 
-0.063791 
-0.054752 
-0.015569 
0.048643 
0.104226 
0.110331 
0.064464 
0.002401 
-0.047309 
-0.080932 
-0.087527 
-0.047649 
0.019643 
0.063835 
0.065502 
0.039211 
-0.004001 
-0.049483 
-0.072325 
-0.061902 
-0.020886 
0.042611 
0.094281 
0.089391 
0.028244 
-0.045796 
-0.099564 
-0.121054 
-0.097510 
-0.028661 
0.054287 
0.114072 
0.134873 
0.108485 
0.034521 
-0.050168 
-0.094003 
-0.084740 
-0.043790 
0.004769 
0.037211 
0.039257 
0.015585 
-0.023844 
-0.058976 
-0.058177 
-0.020411 
0.022098 
0.047707 
0.043591 
0.003261 
-0.043582 
-0.061468 
-0.053925 
-0.030843 
0.008005 
0.040695 
0.043492 
0.023289 
-0.007276 
-0.039696 
-0.054092 
-0.038689 
-0.004612 
0.032232 
0.056382 
0.054498 
0.026247 
-0.019153 
-0.065713 
-0.089850 
-0.079900 
-0.043788 
0.006914 
0.054655 
0.072920 
0.050297 
-0.000830 
-0.057541 
-0.090524 
-0.081105 
-0.042411 
-0.000705 
0.026746 
0.024487 
-0.010011 
-0.047098 
-0.055389 
-0.035822 
-0.003222 
0.032252 
0.052492 
0.037344 
-0.007180 
-0.053316 
-0.077974 
-0.067843 
-0.021630 
0.039231 
0.079722 
0.075214 
0.026832 
-0.036198 
-0.077644 
-0.086085 
-0.073928 
-0.051869 
-0.023304 
0.007799 
0.035834 
0.049551 
0.035485 
-0.003968 
-0.046988 
-0.068115 
-0.053503 
-0.009158 
0.046713 
0.091853 
0.093174 
0.034067 
-0.042495 
-0.074616 
-0.053072 
-0.007344 
0.036574 
0.054907 
0.031835 
-0.021017 
-0.079113 
-0.115037 
-0.097166 
-0.023966 
0.060405 
0.108289 
0.098701 
0.041256 
-0.024361 
-0.062933 
-0.075494 
-0.074181 
-0.050875 
0.002241 
0.061199 
0.087020 
0.066239 
0.018398 
-0.032635 
-0.076283 
-0.099697 
-0.081052 
-0.015246 
0.068155 
0.128300 
0.143850 
0.107599 
0.019552 
-0.087962 
-0.154152 
-0.143192 
-0.066314 
0.040416 
0.126305 
0.142661 
0.086513 
-0.002604 
-0.084922 
-0.125004 
-0.103648 
-0.041823 
0.031965 
0.099934 
0.132691 
0.112776 
0.053672 
-0.025774 
-0.088204 
-0.079720 
-0.007123 
0.063752 
0.098307 
0.094237 
0.045257 
-0.030650 
-0.096694 
-0.132986 
-0.122850 
-0.057075 
0.033619 
0.105382 
0.135222 
0.108616 
0.029453 
-0.060186 
-0.109156 
-0.093565 
-0.027698 
0.043488 
0.078292 
0.068910 
0.034913 
-0.004845 
-0.046431 
-0.082530 
-0.090488 
-0.058268 
-0.003023 
0.050523 
0.080504 
0.062976 
0.002594 
-0.057075 
-0.084049 
-0.077454 
-0.041057 
0.014382 
0.059562 
0.070538 
0.049572 
0.010025 
-0.043489 
-0.101006 
-0.122296 
-0.072729 
0.011990 
0.061487 
0.059627 
0.033386 
-0.001637 
-0.036308 
-0.053663 
-0.043621 
-0.008125 
0.037224 
0.060988 
0.045927 
0.008212 
-0.025990 
-0.040350 
-0.031915 
-0.011365 
0.012649 
0.038104 
0.051153 
0.039235 
0.018415 
0.011046 
0.017562 
0.028927 
0.039228 
0.042546 
0.033523 
0.008407 
-0.030395 
-0.064411 
-0.068743 
-0.037745 
0.008736 
0.042541 
0.047240 
0.024770 
-0.011187 
-0.042133 
-0.051163 
-0.034984 
-0.005017 
0.024424 
0.040848 
0.040452 
0.033519 
0.027438 
0.018847 
0.010497 
0.001701 
-0.025489 
-0.069817 
-0.093640 
-0.071191 
-0.014894 
0.049112 
0.091347 
0.084718 
0.032129 
-0.033095 
-0.079299 
-0.087924 
-0.053325 
0.006230 
0.054465 
0.065115 
0.039280 
0.000278 
-0.023349 
-0.014265 
0.019745 
0.047959 
0.047394 
0.023034 
-0.008276 
-0.032992 
-0.042369 
-0.041417 
-0.045432 
-0.055989 
-0.060110 
-0.048737 
-0.019413 
0.020406 
0.050839 
0.060968 
0.056396 
0.038440 
0.006603 
-0.021643 
-0.023859 
0.004499 
0.048543 
0.081511 
0.084301 
0.062193 
0.028530 
-0.011682 
-0.046699 
-0.055398 
-0.034406 
-0.006300 
0.005645 
0.000598 
-0.005375 
-0.003432 
0.001153 
0.002803 
-0.000212 
-0.006798 
-0.004311 
0.019325 
0.046981 
0.046927 
0.013771 
-0.027973 
-0.052000 
-0.049014 
-0.026006 
0.004037 
0.027168 
0.032210 
0.022582 
0.012977 
0.007856 
0.003946 
0.003604 
0.003690 
-0.003337 
-0.011497 
-0.014885 
-0.020866 
-0.027289 
-0.019362 
0.008203 
0.052386 
0.098311 
0.107991 
0.059972 
-0.016716 
-0.085417 
-0.128396 
-0.117549 
-0.038972 
0.057747 
0.104727 
0.089427 
0.043922 
-0.003976 
-0.041688 
-0.058088 
-0.046483 
-0.014479 
0.021740 
0.046118 
0.049358 
0.032690 
0.004650 
-0.025449 
-0.045670 
-0.041423 
-0.010998 
0.025834 
0.047819 
0.052211 
0.044063 
0.020040 
-0.021916 
-0.068484 
-0.097252 
-0.088893 
-0.039409 
0.027004 
0.071914 
0.075450 
0.041566 
-0.013730 
-0.057292 
-0.052955 
-0.005171 
0.043095 
0.061136 
0.048137 
0.017505 
-0.011434 
-0.024785 
-0.021742 
-0.006294 
0.017010 
0.042289 
0.060848 
0.054904 
0.013669 
-0.041156 
-0.079174 
-0.090670 
-0.066096 
-0.000361 
0.070522 
0.098846 
0.077558 
0.026783 
-0.027438 
-0.052007 
-0.032826 
0.012510 
0.066114 
0.107830 
0.100314 
0.036593 
-0.037226 
-0.083036 
-0.097974 
-0.076888 
-0.014857 
0.057985 
0.093958 
0.078473 
0.033799 
-0.015234 
-0.050696 
-0.053621 
-0.020267 
0.028221 
0.065593 
0.072165 
0.042330 
-0.002501 
-0.034397 
-0.049878 
-0.054359 
-0.041022 
-0.008222 
0.030335 
0.059266 
0.068688 
0.056670 
0.029326 
-0.004287 
-0.031965 
-0.042803 
-0.036630 
-0.015172 
0.020195 
0.050251 
0.051839 
0.029137 
0.000542 
-0.020413 
-0.019353 
0.006497 
0.040082 
0.065952 
0.071460 
0.038195 
-0.028780 
-0.090083 
-0.106370 
-0.063874 
0.011599 
0.063151 
0.058109 
0.014961 
-0.034340 
-0.066231 
-0.060324 
-0.019978 
0.027440 
0.066048 
0.085328 
0.066624 
0.015159 
-0.035670 
-0.059841 
-0.046848 
-0.003437 
0.038424 
0.052461 
0.042885 
0.019819 
-0.012013 
-0.040765 
-0.055732 
-0.050814 
-0.016227 
0.037319 
0.069884 
0.061149 
0.030491 
0.000382 
-0.017438 
-0.012775 
0.008772 
0.025571 
0.030599 
0.034427 
0.036456 
0.018184 
-0.029425 
-0.081448 
-0.097135 
-0.064850 
-0.010762 
0.032319 
0.040713 
0.005445 
-0.048566 
-0.074656 
-0.047355 
0.021977 
0.092966 
0.114877 
0.069452 
-0.006063 
-0.062253 
-0.076901 
-0.046924 
0.011403 
0.060706 
0.072122 
0.046157 
0.001984 
-0.038715 
-0.057955 
-0.045019 
-0.002241 
0.052873 
0.097455 
0.114074 
0.089474 
0.024358 
-0.047250 
-0.080544 
-0.067287 
-0.033337 
0.002308 
0.036728 
0.060692 
0.056696 
0.022155 
-0.019705 
-0.040841 
-0.030776 
0.006424 
0.052547 
0.074089 
0.053265 
0.008597 
-0.035255 
-0.063721 
-0.056794 
-0.008046 
0.052108 
0.090352 
0.097659 
0.074493 
0.025059 
-0.034421 
-0.077745 
-0.079926 
-0.042317 
-0.000675 
0.018893 
0.021844 
0.008279 
-0.027215 
-0.062449 
-0.071892 
-0.058639 
-0.027691 
0.020988 
0.062122 
0.065037 
0.031715 
-0.015512 
-0.049953 
-0.046646 
-0.011740 
0.019689 
0.035119 
0.047112 
0.050181 
0.026821 
-0.020505 
-0.070737 
-0.097683 
-0.083161 
-0.034149 
0.027980 
0.087558 
0.121262 
0.102646 
0.042794 
-0.018520 
-0.060584 
-0.079759 
-0.070674 
-0.038946 
0.003577 
0.054737 
0.100691 
0.107246 
0.060714 
-0.014451 
-0.082554 
-0.110412 
-0.079902 
-0.014393 
0.040435 
0.062923 
0.053941 
0.021387 
-0.015475 
-0.038514 
-0.047862 
-0.046985 
-0.033300 
-0.014678 
-0.003320 
0.005079 
0.016998 
0.022657 
0.012289 
-0.007072 
-0.019965 
-0.019299 
-0.013131 
-0.009467 
0.001915 
0.028292 
0.047145 
0.034664 
0.001697 
-0.026025 
-0.037288 
-0.031701 
-0.014114 
0.007208 
0.028694 
0.045321 
0.043927 
0.023667 
0.002582 
-0.013198 
-0.034605 
-0.052864 
-0.040151 
0.002657 
0.041364 
0.055035 
0.049854 
0.032973 
0.006866 
-0.018203 
-0.030120 
-0.022972 
0.001924 
0.030964 
0.044692 
0.035646 
0.009818 
-0.018591 
-0.029034 
-0.017581 
-0.009508 
-0.019647 
-0.030436 
-0.028736 
-0.020636 
-0.007841 
0.009209 
0.020024 
0.019231 
0.008677 
-0.010930 
-0.025682 
-0.016167 
0.008456 
0.023287 
0.025875 
0.025214 
0.019316 
0.008434 
-0.000340 
-0.005967 
-0.007528 
-0.000337 
0.008725 
0.004582 
-0.012570 
-0.026733 
-0.029232 
-0.027926 
-0.028951 
-0.021768 
0.000985 
0.023322 
0.026282 
0.006026 
-0.033081 
-0.066142 
-0.050473 
0.010489 
0.055938 
0.057078 
0.039667 
0.014240 
-0.024159 
-0.053935 
-0.057881 
-0.047242 
-0.025749 
0.007260 
0.031699 
0.034907 
0.024831 
0.001809 
-0.031438 
-0.053285 
-0.051314 
-0.032831 
-0.003833 
0.027412 
0.046922 
0.052564 
0.048474 
0.032908 
0.009388 
-0.016654 
-0.048271 
-0.073457 
-0.061320 
-0.009970 
0.043777 
0.074374 
0.081078 
0.060752 
0.013827 
-0.035868 
-0.060338 
-0.051922 
-0.015241 
0.037740 
0.080349 
0.086538 
0.054215 
0.002218 
-0.042635 
-0.054813 
-0.031834 
0.001041 
0.024596 
0.038477 
0.040907 
0.031657 
0.022157 
0.013808 
-0.001976 
-0.012335 
0.004465 
0.040040 
0.067885 
0.075205 
0.060995 
0.031226 
0.001677 
-0.016051 
-0.019645 
-0.006848 
0.015131 
0.025811 
0.014345 
-0.011552 
-0.035156 
-0.037347 
-0.015101 
0.010425 
0.025075 
0.030248 
0.016947 
-0.016898 
-0.043512 
-0.044476 
-0.031001 
-0.008590 
0.022428 
0.042703 
0.039456 
0.028292 
0.026553 
0.031727 
0.025928 
-0.003400 
-0.036085 
-0.036891 
-0.008110 
0.017947 
0.030627 
0.039670 
0.044654 
0.038241 
0.019499 
-0.006077 
-0.028359 
-0.036780 
-0.024668 
0.008677 
0.049659 
0.071421 
0.056114 
0.011185 
-0.034973 
-0.050309 
-0.026436 
0.010210 
0.030610 
0.036027 
0.040790 
0.041771 
0.028218 
0.003417 
-0.020780 
-0.034651 
-0.030418 
-0.011360 
0.006113 
0.016299 
0.023660 
0.017918 
-0.007813 
-0.033243 
-0.043689 
-0.045797 
-0.033764 
0.000037 
0.030943 
0.034477 
0.019660 
0.001560 
-0.012021 
-0.008226 
0.013013 
0.027345 
0.019882 
0.005675 
0.003277 
0.009950 
0.013148 
0.012214 
0.013861 
0.017911 
0.019001 
0.010337 
-0.008937 
-0.022693 
-0.017867 
-0.010375 
-0.013386 
-0.011175 
0.001326 
0.006846 
0.007688 
0.021563 
0.045952 
0.066651 
0.072964 
0.051926 
0.000464 
-0.058241 
-0.087968 
-0.066344 
-0.004963 
0.058090 
0.088826 
0.072838 
0.021849 
-0.027705 
-0.048634 
-0.042357 
-0.013990 
0.029992 
0.064305 
0.071135 
0.056202 
0.021534 
-0.023800 
-0.043167 
-0.018977 
0.019041 
0.038938 
0.032820 
0.004132 
-0.032352 
-0.054318 
-0.048508 
-0.018212 
0.016382 
0.036111 
0.039632 
0.025967 
-0.008157 
-0.039522 
-0.040924 
-0.026084 
-0.017170 
-0.006567 
0.012212 
0.028386 
0.033728 
0.019208 
-0.019312 
-0.056129 
-0.061200 
-0.041617 
-0.019590 
0.000396 
0.015997 
0.013138 
-0.012415 
-0.039074 
-0.038925 
-0.005250 
0.043175 
0.078263 
0.081530 
0.051562 
-0.003610 
-0.072147 
-0.121241 
-0.101836 
-0.007951 
0.098311 
0.150337 
0.127704 
0.045594 
-0.056729 
-0.124465 
-0.121770 
-0.063660 
0.009468 
0.070462 
0.094547 
0.063534 
0.001268 
-0.049506 
-0.075512 
-0.075523 
-0.039830 
0.015975 
0.051698 
0.052867 
0.030200 
-0.011731 
-0.059343 
-0.082706 
-0.069124 
-0.030074 
0.017764 
0.051504 
0.052035 
0.026735 
-0.004170 
-0.028261 
-0.033682 
-0.014512 
0.011108 
0.016910 
-0.003286 
-0.032675 
-0.046657 
-0.033032 
0.002117 
0.050389 
0.101478 
0.127895 
0.105819 
0.048363 
-0.011736 
-0.056244 
-0.076739 
-0.062174 
-0.011194 
0.057380 
0.113598 
0.130880 
0.094193 
0.009764 
-0.085578 
-0.141677 
-0.131858 
-0.066665 
0.019539 
0.084456 
0.100910 
0.076501 
0.027138 
-0.042109 
-0.098216 
-0.094121 
-0.042098 
0.006068 
0.034193 
0.047697 
0.038077 
0.010503 
-0.009881 
-0.008632 
0.011481 
0.036417 
0.048263 
0.041487 
0.020316 
-0.011395 
-0.038641 
-0.041434 
-0.020441 
0.007260 
0.023115 
0.013793 
-0.009114 
-0.018358 
-0.013584 
-0.011722 
-0.008989 
0.001819 
0.009822 
0.009513 
0.008438 
0.010940 
0.014535 
0.011595 
-0.002457 
-0.018209 
-0.024415 
-0.020246 
-0.008430 
0.003298 
0.006636 
0.011206 
0.026724 
0.036158 
0.023871 
-0.000129 
-0.024396 
-0.045637 
-0.056894 
-0.054631 
-0.043132 
-0.026230 
-0.008004 
0.009773 
0.028448 
0.036945 
0.020378 
-0.009444 
-0.022678 
-0.009337 
0.013445 
0.027510 
0.032363 
0.032003 
0.018672 
-0.008013 
-0.024760 
-0.015174 
0.007897 
0.025757 
0.029801 
0.020380 
0.009788 
0.009763 
0.017202 
0.029376 
0.047184 
0.055412 
0.036671 
-0.001008 
-0.037006 
-0.058015 
-0.055680 
-0.032291 
-0.006579 
0.007303 
0.013243 
0.015421 
0.010772 
0.006248 
0.015852 
0.031318 
0.025641 
-0.006517 
-0.039723 
-0.049245 
-0.031587 
-0.003822 
0.008979 
0.001222 
-0.004371 
0.010720 
0.036028 
0.049378 
0.040964 
0.016575 
-0.007340 
-0.010645 
0.012850 
0.041663 
0.048718 
0.037501 
0.028360 
0.017217 
-0.010428 
-0.043629 
-0.063032 
-0.062854 
-0.039114 
0.005468 
0.049080 
0.069418 
0.056665 
0.010279 
-0.049716 
-0.092622 
-0.107841 
-0.093057 
-0.038690 
0.037471 
0.086445 
0.088263 
0.063289 
0.024989 
-0.023440 
-0.060591 
-0.062897 
-0.033755 
0.007981 
0.046043 
0.064684 
0.053148 
0.020333 
-0.014933 
-0.043796 
-0.057767 
-0.038343 
0.012471 
0.057042 
0.069661 
0.062055 
0.042639 
0.003132 
-0.043424 
-0.065687 
-0.056119 
-0.028067 
0.010802 
0.054613 
0.085019 
0.075681 
0.018476 
-0.054095 
-0.095791 
-0.090898 
-0.045870 
0.025566 
0.080159 
0.072052 
0.018801 
-0.030781 
-0.063537 
-0.073922 
-0.045692 
0.004365 
0.046457 
0.076252 
0.077681 
0.028013 
-0.039834 
-0.073285 
-0.071659 
-0.048985 
0.003644 
0.068840 
0.094549 
0.058950 
-0.013423 
-0.090273 
-0.137900 
-0.116264 
-0.023142 
0.079465 
0.126636 
0.111094 
0.063652 
0.006554 
-0.053219 
-0.100710 
-0.109359 
-0.063376 
0.017989 
0.090731 
0.121277 
0.095744 
0.022407 
-0.058723 
-0.101851 
-0.091946 
-0.039546 
0.031561 
0.085659 
0.103022 
0.092317 
0.054251 
-0.014194 
-0.080096 
-0.102461 
-0.075021 
-0.012795 
0.054917 
0.086162 
0.066959 
0.023040 
-0.021463 
-0.054417 
-0.063473 
-0.048739 
-0.019458 
0.020249 
0.054948 
0.056701 
0.016349 
-0.045163 
-0.091613 
-0.092064 
-0.042300 
0.035367 
0.105459 
0.123621 
0.068514 
-0.021283 
-0.089423 
-0.115096 
-0.089073 
-0.005396 
0.098260 
0.152762 
0.122480 
0.030043 
-0.073126 
-0.135369 
-0.121928 
-0.044225 
0.043036 
0.095068 
0.101561 
0.069294 
0.011771 
-0.046596 
-0.076025 
-0.064609 
-0.027624 
0.009530 
0.030145 
0.030345 
0.015698 
-0.000720 
-0.003241 
0.011948 
0.028738 
0.032062 
0.025113 
0.012658 
-0.011775 
-0.044836 
-0.065477 
-0.060884 
-0.034265 
0.008217 
0.049113 
0.058171 
0.030398 
-0.002909 
-0.020215 
-0.027462 
-0.026473 
-0.010908 
0.013780 
0.035257 
0.043115 
0.028279 
-0.005076 
-0.038202 
-0.058852 
-0.063744 
-0.048324 
-0.015294 
0.022082 
0.050412 
0.055996 
0.030906 
-0.008526 
-0.035057 
-0.042854 
-0.043271 
-0.038094 
-0.017865 
0.015304 
0.039633 
0.038204 
0.016663 
-0.013183 
-0.042146 
-0.051185 
-0.025235 
0.021421 
0.059480 
0.068630 
0.044102 
0.005081 
-0.021976 
-0.035713 
-0.040477 
-0.019903 
0.024602 
0.055460 
0.054137 
0.040545 
0.027557 
0.006347 
-0.023336 
-0.040420 
-0.022737 
0.024573 
0.071240 
0.091995 
0.073575 
0.011568 
-0.065961 
-0.105264 
-0.084287 
-0.028849 
0.027217 
0.062335 
0.064855 
0.040731 
0.005664 
-0.028140 
-0.045235 
-0.036334 
-0.012695 
0.011578 
0.029153 
0.027083 
0.000590 
-0.031133 
-0.049561 
-0.051089 
-0.031024 
0.012383 
0.061554 
0.088894 
0.078031 
0.034971 
-0.015307 
-0.046827 
-0.047659 
-0.023678 
0.001713 
0.005711 
-0.005885 
-0.009291 
0.001204 
0.010082 
0.004583 
-0.015254 
-0.036036 
-0.035478 
-0.006545 
0.030137 
0.050999 
0.052141 
0.039728 
0.014755 
-0.021495 
-0.055161 
-0.066992 
-0.048383 
-0.005017 
0.043106 
0.063382 
0.038295 
-0.005709 
-0.027370 
-0.018902 
0.001041 
0.018447 
0.029010 
0.034365 
0.037462 
0.029000 
-0.003575 
-0.045756 
-0.064074 
-0.045980 
-0.006822 
0.033862 
0.060142 
0.055651 
0.016701 
-0.038740 
-0.084940 
-0.099128 
-0.067492 
-0.005405 
0.044131 
0.056585 
0.043316 
0.014100 
-0.031005 
-0.069070 
-0.067399 
-0.028381 
0.018541 
0.048771 
0.047274 
0.014538 
-0.027160 
-0.052737 
-0.048392 
-0.015130 
0.020912 
0.027035 
0.005948 
-0.009451 
-0.002378 
0.015494 
0.028903 
0.032432 
0.025732 
0.009237 
-0.010472 
-0.019431 
-0.013433 
-0.008028 
-0.016280 
-0.028873 
-0.028202 
-0.008766 
0.021275 
0.046090 
0.049031 
0.024295 
-0.015399 
-0.045396 
-0.042892 
-0.002206 
0.053819 
0.083812 
0.063812 
0.012519 
-0.031007 
-0.046233 
-0.035039 
-0.006157 
0.030275 
0.060743 
0.067766 
0.040538 
-0.010776 
-0.061734 
-0.091626 
-0.082901 
-0.025785 
0.058701 
0.124842 
0.141565 
0.109998 
0.045563 
-0.036548 
-0.111862 
-0.139915 
-0.092627 
0.008149 
0.101145 
0.135276 
0.098585 
0.017320 
-0.067245 
-0.120047 
-0.112598 
-0.041958 
0.047875 
0.099798 
0.091521 
0.031553 
-0.056672 
-0.126808 
-0.130917 
-0.071669 
0.003887 
0.060200 
0.082315 
0.060645 
0.002282 
-0.063580 
-0.094235 
-0.058242 
0.022372 
0.082880 
0.087159 
0.046865 
-0.019182 
-0.086849 
-0.110762 
-0.069228 
-0.001758 
0.045439 
0.066124 
0.062672 
0.029986 
-0.018165 
-0.051651 
-0.050243 
-0.014099 
0.032099 
0.052383 
0.038018 
0.010913 
-0.011316 
-0.019798 
-0.007472 
0.009720 
0.006144 
-0.009649 
-0.012751 
-0.001156 
0.016015 
0.027706 
0.014344 
-0.023633 
-0.055167 
-0.062288 
-0.046960 
-0.005519 
0.050362 
0.080804 
0.065594 
0.024724 
-0.016356 
-0.040170 
-0.037002 
-0.022543 
-0.019176 
-0.017784 
-0.002410 
0.016202 
0.032520 
0.058437 
0.077217 
0.053680 
-0.000784 
-0.039364 
-0.041820 
-0.016311 
0.026694 
0.069205 
0.082891 
0.047906 
-0.027941 
-0.105326 
-0.138558 
-0.109086 
-0.028700 
0.073382 
0.150269 
0.154044 
0.082046 
-0.015605 
-0.083359 
-0.094664 
-0.055447 
0.006207 
0.061551 
0.089101 
0.080181 
0.047291 
0.007246 
-0.031902 
-0.056536 
-0.049344 
-0.013015 
0.027855 
0.046345 
0.031947 
-0.001681 
-0.030100 
-0.037423 
-0.021783 
0.004839 
0.025330 
0.032878 
0.026422 
0.004641 
-0.020293 
-0.030376 
-0.025816 
-0.015063 
-0.002563 
0.002734 
0.000709 
0.006388 
0.015308 
0.004976 
-0.018366 
-0.027606 
-0.018796 
-0.004238 
0.014086 
0.037085 
0.052802 
0.045240 
0.016833 
-0.008573 
-0.012822 
-0.003297 
0.003794 
0.006154 
0.011490 
0.018360 
0.014766 
0.002833 
0.000324 
0.005629 
0.000210 
-0.011540 
-0.011759 
-0.003562 
0.006211 
0.024560 
0.043633 
0.038019 
0.004750 
-0.027027 
-0.032049 
-0.012981 
0.014411 
0.039501 
0.050082 
0.033199 
-0.002758 
-0.033079 
-0.045170 
-0.038396 
-0.014484 
0.016928 
0.042465 
0.051877 
0.036873 
0.001342 
-0.035194 
-0.052609 
-0.037869 
0.004405 
0.045177 
0.064856 
0.067619 
0.043896 
-0.018473 
-0.086887 
-0.115882 
-0.098510 
-0.047147 
0.023495 
0.087976 
0.124035 
0.115383 
0.047230 
-0.058815 
-0.139301 
-0.147066 
-0.081678 
0.021756 
0.110016 
0.140320 
0.103883 
0.020646 
-0.072347 
-0.126583 
-0.111732 
-0.041540 
0.044885 
0.106532 
0.112831 
0.067591 
0.004620 
-0.049630 
-0.079497 
-0.070332 
-0.023015 
0.041003 
0.090740 
0.097631 
0.056593 
-0.004991 
-0.053729 
-0.071545 
-0.050886 
0.004391 
0.072888 
0.122266 
0.123991 
0.071514 
-0.010113 
-0.080876 
-0.112689 
-0.096776 
-0.038117 
0.042669 
0.105954 
0.112796 
0.063541 
0.000257 
-0.038717 
-0.045686 
-0.029233 
-0.003178 
0.012485 
0.005125 
-0.010101 
0.000160 
0.047114 
0.096746 
0.100885 
0.051546 
-0.015823 
-0.070466 
-0.100050 
-0.086574 
-0.025408 
0.046564 
0.086498 
0.081027 
0.035785 
-0.029345 
-0.079892 
-0.090561 
-0.056078 
0.014580 
0.090204 
0.128523 
0.110394 
0.042728 
-0.048681 
-0.112960 
-0.107443 
-0.043617 
0.036748 
0.103205 
0.130012 
0.099269 
0.022303 
-0.067201 
-0.124748 
-0.115320 
-0.045158 
0.047229 
0.118565 
0.125093 
0.055623 
-0.041941 
-0.113049 
-0.130162 
-0.080739 
0.008976 
0.077817 
0.089736 
0.048965 
-0.020068 
-0.077292 
-0.093476 
-0.078186 
-0.051524 
-0.012690 
0.039790 
0.091242 
0.115545 
0.089122 
0.021233 
-0.051166 
-0.103348 
-0.116564 
-0.068171 
0.022744 
0.094569 
0.112516 
0.085270 
0.025541 
-0.052064 
-0.104984 
-0.084314 
0.005493 
0.102314 
0.150271 
0.135153 
0.065768 
-0.032755 
-0.112060 
-0.123437 
-0.058010 
0.045621 
0.124989 
0.123880 
0.036416 
-0.071245 
-0.120643 
-0.089978 
-0.010303 
0.074538 
0.124852 
0.103562 
0.010916 
-0.100022 
-0.172608 
-0.172838 
-0.089073 
0.043795 
0.150608 
0.172592 
0.106534 
-0.004394 
-0.105807 
-0.149905 
-0.110607 
-0.013928 
0.079223 
0.123943 
0.103319 
0.024044 
-0.074369 
-0.133785 
-0.125293 
-0.071197 
-0.005564 
0.053971 
0.089430 
0.081599 
0.030875 
-0.035130 
-0.073140 
-0.060860 
-0.017325 
0.030510 
0.071433 
0.091923 
0.080793 
0.042657 
-0.015736 
-0.075980 
-0.099807 
-0.071461 
-0.010420 
0.063980 
0.123696 
0.123454 
0.062539 
-0.002742 
-0.036216 
-0.043121 
-0.029422 
0.000265 
0.031014 
0.051725 
0.060106 
0.049602 
0.015803 
-0.022621 
-0.036802 
-0.025872 
-0.013658 
-0.007872 
0.004392 
0.026351 
0.047405 
0.055366 
0.041956 
0.012938 
-0.012067 
-0.021797 
-0.020514 
-0.012975 
-0.000220 
0.014781 
0.024091 
0.016706 
-0.008085 
-0.030068 
-0.023796 
0.009714 
0.038993 
0.040681 
0.024242 
0.004498 
-0.016434 
-0.028277 
-0.024093 
-0.026671 
-0.047360 
-0.055990 
-0.034830 
-0.002834 
0.026385 
0.048888 
0.053918 
0.041529 
0.019095 
-0.013563 
-0.040438 
-0.033493 
0.003178 
0.038879 
0.054226 
0.043905 
0.012037 
-0.024632 
-0.050431 
-0.055260 
-0.030496 
0.012108 
0.037440 
0.026176 
-0.003422 
-0.022459 
-0.021269 
-0.007876 
0.006652 
0.013999 
0.012826 
0.011736 
0.013674 
0.004900 
-0.016590 
-0.025831 
-0.009156 
0.016558 
0.036588 
0.048266 
0.042597 
0.018798 
-0.000465 
-0.001021 
0.002306 
-0.002717 
-0.005180 
0.004714 
0.019782 
0.029570 
0.028025 
0.013413 
-0.003127 
-0.005616 
0.004747 
0.015342 
0.019174 
0.011613 
-0.005729 
-0.017559 
-0.015006 
-0.003130 
0.019001 
0.047805 
0.055523 
0.022608 
-0.030603 
-0.067629 
-0.067311 
-0.032670 
0.013013 
0.045865 
0.053182 
0.029630 
-0.011411 
-0.039204 
-0.041109 
-0.029026 
-0.007061 
0.024480 
0.050953 
0.061654 
0.057396 
0.035065 
-0.001535 
-0.033961 
-0.057381 
-0.078182 
-0.077583 
-0.030350 
0.044439 
0.098379 
0.104442 
0.062747 
-0.011133 
-0.080362 
-0.104082 
-0.076758 
-0.025606 
0.025899 
0.063248 
0.072858 
0.055209 
0.019548 
-0.030295 
-0.080142 
-0.103195 
-0.087291 
-0.037926 
0.032014 
0.089817 
0.094399 
0.043717 
-0.022916 
-0.069269 
-0.078467 
-0.046614 
0.009104 
0.053050 
0.059229 
0.033111 
-0.000527 
-0.025820 
-0.035866 
-0.019366 
0.019699 
0.047338 
0.035167 
-0.008138 
-0.053374 
-0.076240 
-0.066759 
-0.031821 
0.011061 
0.042141 
0.044896 
0.021592 
-0.005627 
-0.020368 
-0.017478 
0.007235 
0.039750 
0.050402 
0.036195 
0.017947 
-0.001893 
-0.028268 
-0.044919 
-0.038902 
-0.017292 
0.015694 
0.055033 
0.075330 
0.057963 
0.019755 
-0.014437 
-0.038785 
-0.052586 
-0.050981 
-0.035375 
-0.010233 
0.024862 
0.063579 
0.087886 
0.083467 
0.048964 
-0.003610 
-0.050635 
-0.075168 
-0.078158 
-0.058752 
-0.012867 
0.040721 
0.072995 
0.078065 
0.062986 
0.031950 
-0.005107 
-0.037283 
-0.057363 
-0.047671 
-0.003909 
0.035781 
0.039633 
0.024381 
0.008837 
-0.014773 
-0.039890 
-0.040616 
-0.015684 
0.010682 
0.025952 
0.036529 
0.042045 
0.022864 
-0.028892 
-0.077118 
-0.077745 
-0.034887 
0.016836 
0.057480 
0.075725 
0.062906 
0.033716 
0.008275 
-0.013423 
-0.028787 
-0.024866 
-0.008398 
0.003948 
0.016847 
0.033249 
0.031958 
0.003781 
-0.023826 
-0.020158 
0.010771 
0.035241 
0.029104 
0.001834 
-0.025669 
-0.041669 
-0.033804 
-0.001320 
0.025980 
0.023235 
-0.000097 
-0.028131 
-0.049868 
-0.047735 
-0.022425 
0.000351 
0.010694 
0.014383 
0.008521 
0.002005 
0.016512 
0.043609 
0.052631 
0.037432 
0.012451 
-0.012801 
-0.028304 
-0.023544 
-0.004744 
0.007238 
-0.000126 
-0.019008 
-0.035222 
-0.042574 
-0.037632 
-0.018741 
0.001660 
0.006435 
-0.003844 
-0.016108 
-0.020523 
-0.013592 
-0.002693 
-0.001910 
-0.008653 
-0.000601 
0.031185 
0.061566 
0.055424 
0.009502 
-0.038084 
-0.048562 
-0.021325 
0.016021 
0.038243 
0.036405 
0.017134 
-0.006612 
-0.027201 
-0.037949 
-0.028993 
-0.005801 
0.005831 
-0.011698 
-0.045812 
-0.068063 
-0.060370 
-0.026291 
0.013224 
0.031288 
0.009669 
-0.043783 
-0.092647 
-0.099422 
-0.056880 
0.010262 
0.066176 
0.084239 
0.061124 
0.018413 
-0.018140 
-0.035905 
-0.033340 
-0.016991 
0.004026 
0.023377 
0.029753 
0.010724 
-0.023047 
-0.044916 
-0.048908 
-0.045868 
-0.033088 
-0.001269 
0.041952 
0.074696 
0.079271 
0.055531 
0.014035 
-0.039675 
-0.089113 
-0.095586 
-0.046591 
0.017671 
0.058948 
0.071559 
0.055502 
0.012921 
-0.043897 
-0.095216 
-0.107187 
-0.058418 
0.017330 
0.071948 
0.095638 
0.080877 
0.013377 
-0.076285 
-0.130180 
-0.123866 
-0.065917 
0.018207 
0.083727 
0.091217 
0.040654 
-0.031974 
-0.082928 
-0.084878 
-0.036912 
0.038096 
0.101134 
0.114338 
0.068028 
-0.014316 
-0.092464 
-0.118750 
-0.073493 
0.004407 
0.069652 
0.111484 
0.113870 
0.058126 
-0.028707 
-0.093850 
-0.107508 
-0.069415 
-0.004547 
0.051446 
0.077286 
0.063839 
0.014566 
-0.039974 
-0.064143 
-0.052480 
-0.018419 
0.025390 
0.057780 
0.054518 
0.016070 
-0.031258 
-0.063863 
-0.072569 
-0.049253 
0.002697 
0.045488 
0.044047 
0.019890 
0.013251 
0.020115 
0.017415 
0.004579 
-0.007310 
-0.005180 
0.019180 
0.045416 
0.039233 
-0.002750 
-0.047810 
-0.059710 
-0.029291 
0.021525 
0.066723 
0.088710 
0.067931 
0.004684 
-0.062818 
-0.095781 
-0.084682 
-0.042637 
0.001149 
0.021472 
0.020142 
0.008985 
-0.006519 
-0.015052 
-0.008453 
0.004863 
0.017922 
0.027662 
0.025165 
0.012547 
0.002098 
-0.005403 
-0.011509 
-0.014234 
-0.019100 
-0.022783 
-0.010188 
0.015324 
0.039544 
0.056985 
0.052911 
0.015677 
-0.030705 
-0.057461 
-0.062151 
-0.046019 
-0.013081 
0.019149 
0.041642 
0.050209 
0.027401 
-0.024180 
-0.067342 
-0.076744 
-0.051864 
0.004007 
0.070767 
0.110394 
0.101465 
0.048427 
-0.024730 
-0.069823 
-0.049072 
0.010216 
0.047046 
0.046400 
0.037254 
0.033650 
0.020896 
-0.009417 
-0.037227 
-0.036516 
-0.008019 
0.024560 
0.040790 
0.030232 
-0.002651 
-0.027121 
-0.014751 
0.023624 
0.061775 
0.089891 
0.096020 
0.065401 
0.014078 
-0.024706 
-0.040334 
-0.038433 
-0.022390 
0.000439 
0.018799 
0.026349 
0.020733 
0.003655 
-0.017624 
-0.032518 
-0.028793 
-0.001695 
0.036100 
0.062609 
0.058288 
0.016639 
-0.036144 
-0.055770 
-0.028149 
0.026301 
0.084033 
0.115170 
0.086779 
0.007374 
-0.072959 
-0.113101 
-0.097532 
-0.033853 
0.041819 
0.086616 
0.080443 
0.033739 
-0.017446 
-0.038327 
-0.026773 
-0.001913 
0.024032 
0.038723 
0.024812 
-0.014416 
-0.054203 
-0.070874 
-0.048869 
0.004005 
0.049573 
0.061820 
0.050538 
0.024554 
-0.017435 
-0.054949 
-0.058726 
-0.025255 
0.028929 
0.073544 
0.070976 
0.019538 
-0.035169 
-0.057723 
-0.049326 
-0.020723 
0.013513 
0.035074 
0.039146 
0.028432 
0.001394 
-0.032085 
-0.051126 
-0.048758 
-0.031320 
-0.007354 
0.011128 
0.022099 
0.037789 
0.053238 
0.042912 
0.004166 
-0.030776 
-0.031805 
0.004671 
0.055718 
0.083508 
0.064630 
0.012791 
-0.037436 
-0.065495 
-0.070429 
-0.051788 
-0.010159 
0.035835 
0.062679 
0.072907 
0.079528 
0.068140 
0.018821 
-0.045836 
-0.078282 
-0.062480 
-0.021858 
0.019493 
0.057113 
0.089231 
0.104466 
0.093440 
0.058957 
0.012080 
-0.034154 
-0.069737 
-0.087262 
-0.072535 
-0.014047 
0.065880 
0.117149 
0.110947 
0.058414 
-0.014011 
-0.079154 
-0.109816 
-0.096633 
-0.052837 
0.006178 
0.063413 
0.090929 
0.071332 
0.017654 
-0.040550 
-0.072814 
-0.060381 
-0.018768 
0.011546 
0.013238 
0.003040 
-0.006993 
-0.022957 
-0.042622 
-0.048710 
-0.035738 
-0.018788 
-0.009219 
-0.002163 
0.007826 
0.017939 
0.024725 
0.023711 
0.008659 
-0.015907 
-0.034792 
-0.039415 
-0.031019 
-0.016195 
-0.009895 
-0.023130 
-0.042456 
-0.041565 
-0.010689 
0.036002 
0.072058 
0.078439 
0.058838 
0.025979 
-0.016898 
-0.060823 
-0.081364 
-0.062976 
-0.011426 
0.052480 
0.091611 
0.072135 
0.004805 
-0.059925 
-0.081791 
-0.058256 
-0.015494 
0.019027 
0.036530 
0.033791 
0.005502 
-0.034411 
-0.055973 
-0.045797 
-0.016527 
0.008825 
0.014247 
0.004705 
-0.007039 
-0.022767 
-0.039552 
-0.036409 
-0.010580 
0.018189 
0.041223 
0.050520 
0.032636 
0.002850 
-0.013086 
-0.023125 
-0.037846 
-0.039966 
-0.019952 
0.013330 
0.054218 
0.089549 
0.094593 
0.059033 
-0.005070 
-0.071285 
-0.106491 
-0.091572 
-0.030667 
0.056072 
0.125999 
0.128120 
0.055090 
-0.046991 
-0.122833 
-0.133639 
-0.071834 
0.029043 
0.123750 
0.171837 
0.135466 
0.021456 
-0.104681 
-0.174992 
-0.155116 
-0.052819 
0.077916 
0.167781 
0.168278 
0.076033 
-0.058111 
-0.159765 
-0.169330 
-0.076856 
0.061407 
0.171204 
0.206515 
0.152176 
0.031973 
-0.098355 
-0.178130 
-0.164933 
-0.058775 
0.086447 
0.186440 
0.180573 
0.079250 
-0.054572 
-0.159427 
-0.181587 
-0.101832 
0.026573 
0.132866 
0.171909 
0.122586 
0.021639 
-0.060549 
-0.097391 
-0.095136 
-0.053134 
0.013068 
0.059104 
0.054908 
0.011759 
-0.033055 
-0.045211 
-0.024014 
0.002590 
0.016524 
0.016736 
0.004790 
-0.006557 
-0.002358 
0.006717 
0.004294 
-0.000942 
0.003741 
0.014067 
0.020339 
0.010866 
-0.021580 
-0.054363 
-0.049253 
-0.003226 
0.049797 
0.083210 
0.090250 
0.070146 
0.030097 
-0.014196 
-0.047456 
-0.055953 
-0.029815 
0.022355 
0.070464 
0.081730 
0.043997 
-0.022602 
-0.080433 
-0.101201 
-0.074382 
-0.005705 
0.077681 
0.131199 
0.121165 
0.053441 
-0.035541 
-0.114574 
-0.162183 
-0.145535 
-0.045568 
0.091278 
0.175663 
0.158280 
0.062877 
-0.052611 
-0.137513 
-0.151853 
-0.088344 
0.006439 
0.076364 
0.096831 
0.067663 
0.002918 
-0.067618 
-0.105654 
-0.091493 
-0.040959 
0.015901 
0.053329 
0.051271 
0.015251 
-0.018946 
-0.028727 
-0.027808 
-0.036414 
-0.052032 
-0.054565 
-0.036031 
-0.014463 
-0.002381 
0.009321 
0.017347 
0.009468 
0.000776 
0.004333 
0.003395 
-0.000994 
0.011393 
0.024089 
0.013346 
-0.004252 
-0.014804 
-0.024520 
-0.020579 
0.006886 
0.035442 
0.049979 
0.053604 
0.038704 
0.004555 
-0.029548 
-0.052036 
-0.053440 
-0.016807 
0.042128 
0.073776 
0.056852 
0.013185 
-0.032330 
-0.063007 
-0.060850 
-0.021782 
0.030447 
0.064946 
0.067997 
0.040355 
-0.008098 
-0.052382 
-0.064204 
-0.038304 
0.009927 
0.061500 
0.091232 
0.077274 
0.028340 
-0.028724 
-0.077142 
-0.100720 
-0.082218 
-0.028037 
0.036615 
0.089862 
0.109793 
0.081276 
0.019461 
-0.041429 
-0.076897 
-0.075084 
-0.034684 
0.027468 
0.082441 
0.106232 
0.087748 
0.031139 
-0.039628 
-0.083183 
-0.067756 
-0.003761 
0.063624 
0.092609 
0.068125 
0.006623 
-0.056095 
-0.093788 
-0.100101 
-0.077764 
-0.037758 
0.000930 
0.026722 
0.038209 
0.031862 
0.005086 
-0.032364 
-0.063420 
-0.077064 
-0.071459 
-0.046474 
-0.003545 
0.038428 
0.049629 
0.026815 
-0.005129 
-0.028862 
-0.035303 
-0.013063 
0.026510 
0.050930 
0.048274 
0.028095 
0.001122 
-0.012877 
0.001096 
0.022884 
0.024437 
0.011264 
0.002184 
-0.000242 
0.001642 
0.010479 
0.024143 
0.033857 
0.034610 
0.031646 
0.031283 
0.027741 
0.011272 
-0.013070 
-0.031277 
-0.038137 
-0.032832 
-0.011358 
0.019912 
0.037563 
0.025469 
-0.004857 
-0.031398 
-0.043659 
-0.036321 
-0.004749 
0.035693 
0.049621 
0.022447 
-0.018095 
-0.039536 
-0.042679 
-0.042404 
-0.032292 
0.003933 
0.055584 
0.083584 
0.059115 
-0.006354 
-0.074984 
-0.117807 
-0.122389 
-0.084837 
-0.020781 
0.034735 
0.059089 
0.055890 
0.033345 
-0.001814 
-0.034903 
-0.050310 
-0.041081 
-0.010226 
0.024096 
0.040628 
0.038213 
0.025970 
0.005079 
-0.019719 
-0.034715 
-0.032733 
-0.016714 
0.002966 
0.009162 
-0.007278 
-0.035864 
-0.056171 
-0.051365 
-0.017762 
0.030333 
0.071071 
0.086789 
0.070729 
0.034788 
-0.003274 
-0.038416 
-0.060476 
-0.046057 
0.001801 
0.049825 
0.077994 
0.076244 
0.030297 
-0.038915 
-0.077966 
-0.072016 
-0.045204 
0.000510 
0.068323 
0.114698 
0.090742 
0.008064 
-0.082358 
-0.137907 
-0.130521 
-0.059905 
0.031775 
0.094908 
0.105911 
0.064602 
-0.011937 
-0.092845 
-0.136120 
-0.102413 
0.004089 
0.118995 
0.170856 
0.132550 
0.022071 
-0.107049 
-0.178587 
-0.140354 
-0.022144 
0.092304 
0.145221 
0.120698 
0.037127 
-0.062121 
-0.133483 
-0.141058 
-0.077134 
0.023849 
0.113241 
0.149154 
0.109121 
0.020217 
-0.060210 
-0.103129 
-0.108236 
-0.080130 
-0.032847 
0.013278 
0.037882 
0.019657 
-0.035088 
-0.077321 
-0.071365 
-0.029792 
0.024099 
0.073576 
0.097054 
0.083412 
0.040066 
-0.014740 
-0.049753 
-0.046482 
-0.024227 
-0.003711 
0.016999 
0.031784 
0.029490 
0.015181 
-0.009819 
-0.042723 
-0.051822 
-0.014978 
0.038705 
0.066960 
0.056842 
0.017370 
-0.034894 
-0.084686 
-0.117284 
-0.108588 
-0.047909 
0.029359 
0.071493 
0.064813 
0.028118 
-0.025991 
-0.089372 
-0.128827 
-0.104982 
-0.025657 
0.063671 
0.131879 
0.155027 
0.101036 
-0.018804 
-0.130982 
-0.166955 
-0.114598 
-0.009824 
0.094953 
0.155973 
0.146222 
0.070768 
-0.029664 
-0.104634 
-0.123675 
-0.083964 
-0.002413 
0.083167 
0.121621 
0.092851 
0.028203 
-0.035858 
-0.082456 
-0.090247 
-0.047325 
0.017467 
0.060462 
0.063263 
0.034177 
-0.004523 
-0.030309 
-0.034506 
-0.022845 
-0.006807 
0.005809 
0.017868 
0.034338 
0.048846 
0.053485 
0.048015 
0.027298 
-0.012039 
-0.049496 
-0.057187 
-0.033016 
0.002431 
0.029845 
0.043436 
0.046711 
0.039765 
0.019463 
-0.004966 
-0.018667 
-0.022895 
-0.028613 
-0.035581 
-0.030411 
-0.006433 
0.018376 
0.021208 
0.006857 
-0.007596 
-0.015520 
-0.003536 
0.034244 
0.061008 
0.044274 
0.003795 
-0.035438 
-0.063483 
-0.052581 
0.004360 
0.058151 
0.072448 
0.054424 
0.009073 
-0.051717 
-0.087503 
-0.075724 
-0.035198 
0.009465 
0.043989 
0.060797 
0.058660 
0.030712 
-0.024406 
-0.075668 
-0.086248 
-0.054158 
0.000504 
0.054509 
0.080585 
0.067324 
0.030525 
-0.014599 
-0.058463 
-0.076980 
-0.053511 
-0.008739 
0.027438 
0.047863 
0.048535 
0.021669 
-0.013637 
-0.022342 
-0.004124 
0.011562 
0.014582 
0.013377 
0.005203 
-0.013731 
-0.028872 
-0.023594 
-0.000216 
0.021012 
0.022759 
0.013172 
0.015473 
0.030406 
0.034271 
0.017165 
-0.002994 
-0.003769 
0.015171 
0.027799 
0.011263 
-0.024680 
-0.055873 
-0.073513 
-0.071040 
-0.036191 
0.023222 
0.078395 
0.103113 
0.080930 
0.020107 
-0.036634 
-0.058151 
-0.057060 
-0.045052 
-0.009254 
0.043371 
0.075339 
0.066555 
0.033783 
0.001854 
-0.023970 
-0.050459 
-0.066206 
-0.046587 
0.003581 
0.048529 
0.059687 
0.027517 
-0.033880 
-0.081137 
-0.081048 
-0.047155 
-0.011833 
0.011017 
0.023610 
0.029188 
0.022366 
0.000199 
-0.019511 
-0.024925 
-0.030618 
-0.033850 
-0.008171 
0.038278 
0.068995 
0.070073 
0.041805 
-0.011525 
-0.061291 
-0.069136 
-0.021486 
0.056782 
0.109674 
0.102256 
0.060450 
0.016467 
-0.032468 
-0.074059 
-0.079653 
-0.055883 
-0.021363 
0.018602 
0.041455 
0.026637 
-0.005790 
-0.033315 
-0.055021 
-0.058175 
-0.026970 
0.023270 
0.060553 
0.063268 
0.028737 
-0.023665 
-0.065074 
-0.074862 
-0.046312 
0.006764 
0.053845 
0.071635 
0.057997 
0.028589 
0.003231 
-0.014956 
-0.037828 
-0.063892 
-0.070146 
-0.036700 
0.026036 
0.076605 
0.079402 
0.038907 
-0.018272 
-0.067520 
-0.078350 
-0.034272 
0.031715 
0.069502 
0.064473 
0.030759 
-0.013270 
-0.051294 
-0.069136 
-0.053341 
-0.005578 
0.043797 
0.065750 
0.061949 
0.041147 
0.004452 
-0.034219 
-0.055950 
-0.058620 
-0.042968 
-0.007036 
0.034887 
0.058253 
0.050086 
0.013777 
-0.032832 
-0.065053 
-0.069665 
-0.049547 
-0.014427 
0.021761 
0.044751 
0.046179 
0.021782 
-0.023238 
-0.063268 
-0.073580 
-0.063258 
-0.053085 
-0.032890 
0.013209 
0.060983 
0.074299 
0.049796 
0.001134 
-0.056984 
-0.094979 
-0.088090 
-0.044045 
0.018710 
0.080469 
0.101589 
0.057266 
-0.020797 
-0.086205 
-0.114442 
-0.086740 
-0.009038 
0.068893 
0.104649 
0.094892 
0.047456 
-0.024926 
-0.090225 
-0.115820 
-0.092813 
-0.033208 
0.037024 
0.084575 
0.084919 
0.039264 
-0.023682 
-0.068969 
-0.078727 
-0.053336 
-0.005268 
0.038623 
0.051661 
0.032598 
0.000296 
-0.024389 
-0.025523 
-0.008343 
0.002044 
0.001064 
0.009984 
0.033675 
0.055450 
0.061230 
0.042915 
0.007243 
-0.020007 
-0.026406 
-0.020196 
-0.003629 
0.017428 
0.020908 
0.004648 
-0.006818 
-0.006536 
-0.012540 
-0.033066 
-0.051145 
-0.043718 
-0.012108 
0.020477 
0.046908 
0.071406 
0.072036 
0.030018 
-0.024746 
-0.051376 
-0.042222 
-0.007517 
0.033029 
0.051584 
0.041983 
0.021254 
-0.002574 
-0.026380 
-0.036598 
-0.027741 
-0.007164 
0.020821 
0.046483 
0.049985 
0.028525 
0.000991 
-0.020133 
-0.030923 
-0.022080 
0.009628 
0.049764 
0.080333 
0.091093 
0.076922 
0.040277 
-0.005234 
-0.040125 
-0.048970 
-0.032275 
-0.006805 
0.012494 
0.020236 
0.011897 
-0.011362 
-0.036678 
-0.053285 
-0.056700 
-0.042050 
-0.010642 
0.029456 
0.067831 
0.084221 
0.064231 
0.024842 
-0.015902 
-0.060364 
-0.089073 
-0.068080 
-0.012854 
0.034351 
0.064803 
0.075595 
0.047757 
-0.007613 
-0.050991 
-0.063937 
-0.048782 
-0.008622 
0.042290 
0.075697 
0.071341 
0.038052 
0.006181 
-0.008449 
-0.017715 
-0.029779 
-0.035367 
-0.030935 
-0.021591 
-0.005715 
0.015883 
0.027235 
0.014338 
-0.013697 
-0.034702 
-0.037726 
-0.023907 
0.004787 
0.036101 
0.042663 
0.012743 
-0.030265 
-0.056797 
-0.057829 
-0.039191 
-0.010634 
0.015252 
0.027615 
0.026897 
0.021895 
0.015778 
0.005728 
-0.006134 
-0.018738 
-0.036985 
-0.055565 
-0.059035 
-0.041872 
-0.010759 
0.021265 
0.035437 
0.019249 
-0.024904 
-0.079910 
-0.105911 
-0.066221 
0.018147 
0.089514 
0.118517 
0.100313 
0.036815 
-0.047307 
-0.114790 
-0.132625 
-0.075935 
0.033024 
0.116657 
0.123153 
0.069321 
-0.006230 
-0.074281 
-0.106165 
-0.086698 
-0.030171 
0.036023 
0.083113 
0.088633 
0.050599 
-0.014120 
-0.076163 
-0.102154 
-0.081556 
-0.035453 
0.010130 
0.038060 
0.035344 
0.001788 
-0.041293 
-0.061231 
-0.039092 
0.010461 
0.057023 
0.082122 
0.074138 
0.030888 
-0.020168 
-0.044619 
-0.038631 
-0.017360 
0.009939 
0.034468 
0.041687 
0.024408 
-0.005566 
-0.028251 
-0.037005 
-0.032629 
-0.009093 
0.026819 
0.046383 
0.033903 
-0.001133 
-0.044883 
-0.075167 
-0.065098 
-0.018087 
0.033619 
0.063525 
0.060445 
0.029130 
-0.008858 
-0.033979 
-0.039301 
-0.023895 
0.006501 
0.038894 
0.054896 
0.038298 
-0.000962 
-0.031970 
-0.041009 
-0.028700 
0.002525 
0.023404 
0.005496 
-0.018856 
-0.009570 
0.013703 
0.029518 
0.049968 
0.063659 
0.040911 
-0.011159 
-0.061002 
-0.079916 
-0.049837 
0.009587 
0.053298 
0.063411 
0.047301 
0.013993 
-0.017600 
-0.029691 
-0.026234 
-0.014675 
0.003892 
0.018386 
0.019574 
0.015206 
0.012893 
0.012455 
0.016752 
0.026887 
0.035885 
0.038287 
0.032409 
0.013101 
-0.020957 
-0.053341 
-0.060088 
-0.037310 
-0.003139 
0.025692 
0.039605 
0.031679 
0.008282 
-0.014082 
-0.028530 
-0.036548 
-0.038535 
-0.038893 
-0.039492 
-0.029736 
-0.004089 
0.025576 
0.044448 
0.043451 
0.017466 
-0.029527 
-0.078806 
-0.100382 
-0.074171 
-0.015931 
0.040278 
0.079516 
0.091563 
0.057083 
-0.010488 
-0.062919 
-0.076195 
-0.055251 
-0.001694 
0.063343 
0.089778 
0.059420 
0.005430 
-0.041766 
-0.073850 
-0.080512 
-0.053468 
0.000451 
0.064047 
0.109761 
0.108320 
0.056051 
-0.019742 
-0.082667 
-0.099469 
-0.053008 
0.032418 
0.100427 
0.111893 
0.069225 
-0.004150 
-0.081208 
-0.122581 
-0.096035 
-0.021916 
0.049160 
0.093980 
0.104398 
0.063235 
-0.017633 
-0.081640 
-0.083926 
-0.031877 
0.033064 
0.067885 
0.053188 
0.006318 
-0.036288 
-0.053054 
-0.040497 
-0.001955 
0.048931 
0.086754 
0.085720 
0.035791 
-0.042719 
-0.101767 
-0.100528 
-0.044333 
0.026955 
0.081982 
0.100101 
0.062298 
-0.015789 
-0.077734 
-0.083512 
-0.044078 
0.002877 
0.025237 
0.014059 
-0.014309 
-0.039751 
-0.052649 
-0.040418 
0.004682 
0.063021 
0.104135 
0.106141 
0.055057 
-0.032436 
-0.100001 
-0.102905 
-0.045151 
0.039222 
0.104370 
0.104462 
0.033892 
-0.057908 
-0.115170 
-0.110613 
-0.047505 
0.038156 
0.099603 
0.110970 
0.073231 
0.005928 
-0.060183 
-0.091207 
-0.068596 
-0.008494 
0.049357 
0.077805 
0.073582 
0.039087 
-0.020286 
-0.080385 
-0.102499 
-0.065368 
0.011237 
0.078101 
0.096821 
0.066719 
0.008643 
-0.058997 
-0.113941 
-0.123944 
-0.074840 
0.009084 
0.083110 
0.110225 
0.079923 
0.013363 
-0.053907 
-0.090836 
-0.080622 
-0.032802 
0.023361 
0.063828 
0.076265 
0.056441 
0.013736 
-0.034013 
-0.070460 
-0.076300 
-0.037304 
0.029514 
0.082639 
0.094481 
0.062411 
-0.003742 
-0.077686 
-0.116466 
-0.093246 
-0.026957 
0.040396 
0.085996 
0.104394 
0.083618 
0.015038 
-0.071984 
-0.116998 
-0.090416 
-0.025152 
0.032396 
0.069362 
0.082842 
0.062573 
0.018799 
-0.018441 
-0.034313 
-0.033927 
-0.020464 
0.004748 
0.029993 
0.038989 
0.028193 
0.009993 
-0.005050 
-0.018131 
-0.027354 
-0.024240 
-0.012960 
-0.005179 
0.003915 
0.026165 
0.054407 
0.067102 
0.050950 
0.011594 
-0.030534 
-0.053252 
-0.044880 
-0.012243 
0.019901 
0.031191 
0.022465 
0.001567 
-0.022545 
-0.030485 
-0.013973 
0.008194 
0.025251 
0.041774 
0.043018 
0.015949 
-0.016082 
-0.029550 
-0.026422 
-0.007286 
0.024732 
0.050672 
0.064055 
0.069540 
0.052638 
0.003989 
-0.047688 
-0.064552 
-0.038036 
0.007202 
0.031146 
0.016348 
-0.012282 
-0.023105 
-0.012136 
0.008001 
0.022776 
0.016770 
-0.010174 
-0.034546 
-0.038266 
-0.030860 
-0.025670 
-0.015161 
0.010949 
0.041452 
0.055834 
0.047371 
0.025454 
0.003092 
-0.012982 
-0.018412 
-0.007657 
0.013103 
0.024704 
0.018786 
0.001550 
-0.021012 
-0.035203 
-0.023114 
0.006715 
0.028885 
0.036827 
0.034785 
0.022660 
0.007920 
-0.000993 
-0.007793 
-0.013196 
-0.011486 
-0.005180 
0.002844 
0.017753 
0.038587 
0.053034 
0.046585 
0.015092 
-0.024617 
-0.048925 
-0.052889 
-0.042397 
-0.017459 
0.019021 
0.057158 
0.088638 
0.102986 
0.086211 
0.038000 
-0.017836 
-0.049640 
-0.047456 
-0.031771 
-0.024609 
-0.023922 
-0.018576 
-0.007171 
0.005698 
0.013911 
0.010072 
-0.007306 
-0.026308 
-0.032251 
-0.027925 
-0.024621 
-0.014935 
0.008945 
0.024180 
0.013881 
-0.001360 
-0.006730 
-0.009925 
-0.006339 
0.009810 
0.024244 
0.031782 
0.036412 
0.021903 
-0.020065 
-0.060563 
-0.069561 
-0.044458 
0.003499 
0.054415 
0.076156 
0.047728 
-0.008729 
-0.047493 
-0.054039 
-0.041908 
-0.009107 
0.040241 
0.063672 
0.034332 
-0.021643 
-0.070379 
-0.091962 
-0.070866 
-0.018492 
0.033873 
0.069501 
0.073727 
0.035184 
-0.022385 
-0.065607 
-0.084488 
-0.070025 
-0.017073 
0.046795 
0.083606 
0.077202 
0.032530 
-0.026219 
-0.069481 
-0.084659 
-0.072374 
-0.039569 
0.000839 
0.042639 
0.082208 
0.101876 
0.088831 
0.053055 
0.009759 
-0.025608 
-0.039396 
-0.040601 
-0.043668 
-0.035470 
-0.003476 
0.032160 
0.047150 
0.040044 
0.022188 
0.005828 
-0.001452 
-0.002815 
-0.009097 
-0.023173 
-0.027788 
-0.007305 
0.020684 
0.029593 
0.027950 
0.037021 
0.047114 
0.035298 
0.005224 
-0.017366 
-0.021209 
-0.024157 
-0.039099 
-0.047313 
-0.032864 
-0.010068 
0.005091 
0.012416 
0.012938 
0.007949 
-0.001678 
-0.019195 
-0.034356 
-0.027072 
0.000170 
0.025702 
0.034437 
0.020377 
-0.010110 
-0.033964 
-0.033844 
-0.016331 
-0.000577 
0.004916 
0.013455 
0.034888 
0.047463 
0.030371 
0.001563 
-0.014021 
-0.016302 
-0.013633 
-0.014026 
-0.020709 
-0.017551 
0.006202 
0.029282 
0.033207 
0.027382 
0.020765 
0.010375 
0.001464 
0.009124 
0.037725 
0.064198 
0.053552 
0.006262 
-0.036373 
-0.045091 
-0.025566 
0.004431 
0.023892 
0.014424 
-0.018263 
-0.048536 
-0.058833 
-0.048965 
-0.029375 
-0.012129 
0.000555 
0.012114 
0.016901 
0.004596 
-0.021294 
-0.042329 
-0.042442 
-0.020097 
0.015121 
0.050543 
0.071888 
0.068280 
0.042401 
0.006027 
-0.028398 
-0.045365 
-0.035433 
-0.011527 
0.007394 
0.021431 
0.034694 
0.038703 
0.028643 
0.009610 
-0.012643 
-0.026382 
-0.020121 
-0.004444 
0.002132 
0.003308 
0.009804 
0.016637 
0.014024 
-0.002047 
-0.026900 
-0.043596 
-0.039742 
-0.022921 
-0.000099 
0.029521 
0.049498 
0.038104 
0.006420 
-0.016346 
-0.024204 
-0.030131 
-0.036751 
-0.035665 
-0.025556 
-0.014427 
-0.008152 
-0.006846 
-0.007459 
-0.003229 
0.008867 
0.019828 
0.016844 
-0.005414 
-0.037268 
-0.051470 
-0.029720 
0.007658 
0.030297 
0.037640 
0.040189 
0.038703 
0.034365 
0.022649 
-0.007916 
-0.050117 
-0.080571 
-0.084662 
-0.056802 
-0.004110 
0.044813 
0.065784 
0.056472 
0.016854 
-0.047411 
-0.102651 
-0.108335 
-0.062189 
0.000137 
0.049925 
0.083022 
0.088847 
0.048662 
-0.018502 
-0.062600 
-0.064192 
-0.037566 
0.006104 
0.051629 
0.074043 
0.063410 
0.022576 
-0.040902 
-0.092797 
-0.087789 
-0.026163 
0.048043 
0.101376 
0.122519 
0.099236 
0.030771 
-0.052247 
-0.112222 
-0.132877 
-0.106144 
-0.032177 
0.052187 
0.095783 
0.086306 
0.044916 
-0.003939 
-0.036151 
-0.037765 
-0.013858 
0.025754 
0.061160 
0.060466 
0.022214 
-0.020995 
-0.046888 
-0.042657 
-0.002237 
0.044645 
0.062989 
0.056014 
0.033032 
-0.006157 
-0.039191 
-0.042064 
-0.022153 
0.008159 
0.040771 
0.055642 
0.040424 
0.006114 
-0.030803 
-0.054848 
-0.053035 
-0.024943 
0.020622 
0.067609 
0.091955 
0.081857 
0.045696 
-0.005068 
-0.053320 
-0.072307 
-0.049883 
0.001785 
0.059082 
0.092510 
0.083515 
0.045152 
0.003219 
-0.025169 
-0.023718 
0.010490 
0.047585 
0.056095 
0.037133 
0.005405 
-0.029662 
-0.050143 
-0.035570 
0.008507 
0.054306 
0.078667 
0.068759 
0.023307 
-0.036930 
-0.077501 
-0.073440 
-0.025321 
0.037454 
0.078522 
0.087030 
0.075685 
0.054592 
0.026207 
-0.005470 
-0.034256 
-0.048676 
-0.035169 
0.004211 
0.047879 
0.069929 
0.055767 
0.011436 
-0.044528 
-0.089870 
-0.091680 
-0.033142 
0.043387 
0.075771 
0.054510 
0.008829 
-0.035073 
-0.053237 
-0.030294 
0.022305 
0.080433 
0.116826 
0.099390 
0.026270 
-0.058190 
-0.106340 
-0.097195 
-0.040273 
0.025228 
0.064217 
0.077210 
0.076119 
0.053174 
0.000470 
-0.058630 
-0.085175 
-0.064937 
-0.017092 
0.034070 
0.077639 
0.101259 
0.083354 
0.018023 
-0.065543 
-0.126111 
-0.141788 
-0.105401 
-0.017565 
0.089628 
0.155877 
0.145338 
0.068726 
-0.038015 
-0.123959 
-0.140377 
-0.084419 
0.004540 
0.086992 
0.127296 
0.105945 
0.043967 
-0.030004 
-0.098224 
-0.131351 
-0.111463 
-0.051734 
0.028300 
0.090637 
0.081720 
0.008821 
-0.062161 
-0.096887 
-0.092854 
-0.043480 
0.032899 
0.098838 
0.134663 
0.124532 
0.059263 
-0.031352 
-0.103482 
-0.133419 
-0.106457 
-0.027156 
0.062191 
0.110899 
0.095319 
0.029407 
-0.042167 
-0.077168 
-0.067411 
-0.033118 
0.006639 
0.048174 
0.084474 
0.092565 
0.060151 
0.004668 
-0.049069 
-0.079283 
-0.062048 
-0.001553 
0.058771 
0.086289 
0.079874 
0.043474 
-0.012068 
-0.057639 
-0.069348 
-0.048826 
-0.009029 
0.044863 
0.102593 
0.124123 
0.075168 
-0.009174 
-0.059105 
-0.057972 
-0.032170 
0.002798 
0.037306 
0.054654 
0.045119 
0.010151 
-0.035130 
-0.059246 
-0.044280 
-0.006510 
0.027526 
0.041779 
0.033680 
0.013615 
-0.010392 
-0.036349 
-0.049779 
-0.037994 
-0.017282 
-0.010053 
-0.016277 
-0.027079 
-0.037224 
-0.040653 
-0.031642 
-0.006439 
0.032157 
0.065723 
0.069894 
0.039142 
-0.007137 
-0.041103 
-0.045723 
-0.022983 
0.013043 
0.043702 
0.052661 
0.036799 
0.006973 
-0.022741 
-0.039435 
-0.038978 
-0.031994 
-0.026108 
-0.017575 
-0.008904 
0.000170 
0.027290 
0.071565 
0.095644 
0.073450 
0.016949 
-0.047431 
-0.089738 
-0.083016 
-0.030481 
0.034615 
0.080921 
0.089847 
0.055316 
-0.004288 
-0.052514 
-0.063074 
-0.037508 
0.001148 
0.024854 
0.016052 
-0.017977 
-0.046439 
-0.045791 
-0.021104 
0.010292 
0.034872 
0.044359 
0.043663 
0.047577 
0.057676 
0.061578 
0.050357 
0.021031 
-0.018984 
-0.049410 
-0.059231 
-0.054492 
-0.036447 
-0.004475 
0.023931 
0.025999 
-0.002894 
-0.047305 
-0.080252 
-0.082896 
-0.060625 
-0.026671 
0.013962 
0.048936 
0.057176 
0.035817 
0.007860 
-0.003834 
0.001229 
0.007233 
0.005391 
0.000702 
-0.001542 
0.001029 
0.007811 
0.005661 
-0.017719 
-0.045194 
-0.044846 
-0.011544 
0.029879 
0.053471 
0.050412 
0.027519 
-0.002579 
-0.025788 
-0.030428 
-0.020334 
-0.010654 
-0.005670 
-0.001687 
-0.001273 
-0.001790 
0.004660 
0.012675 
0.016258 
0.022312 
0.028731 
0.021039 
-0.006234 
-0.050467 
-0.096677 
-0.106175 
-0.057642 
0.019114 
0.087376 
0.130133 
0.119491 
0.041038 
-0.055921 
-0.103087 
-0.087632 
-0.042031 
0.005729 
0.043466 
0.060000 
0.048332 
0.016009 
-0.020361 
-0.044682 
-0.047995 
-0.031568 
-0.003445 
0.027018 
0.047480 
0.043205 
0.012809 
-0.023775 
-0.045802 
-0.050561 
-0.042547 
-0.018371 
0.023546 
0.069781 
0.098449 
0.090650 
0.041827 
-0.024530 
-0.069691 
-0.073367 
-0.039641 
0.015156 
0.058313 
0.054113 
0.006694 
-0.041571 
-0.059709 
-0.046446 
-0.015618 
0.013098 
0.026189 
0.023311 
0.008193 
-0.015183 
-0.040696 
-0.059258 
-0.053151 
-0.011965 
0.042715 
0.080941 
0.092812 
0.068404 
0.002590 
-0.068358 
-0.096475 
-0.075308 
-0.024877 
0.029085 
0.053588 
0.034305 
-0.011282 
-0.064720 
-0.105898 
-0.097992 
-0.034172 
0.039558 
0.085257 
0.099840 
0.078360 
0.016311 
-0.056227 
-0.092065 
-0.076713 
-0.032015 
0.017245 
0.052675 
0.055310 
0.021866 
-0.026328 
-0.063529 
-0.070310 
-0.040637 
0.004259 
0.036079 
0.051233 
0.055500 
0.042529 
0.010106 
-0.028494 
-0.057431 
-0.066591 
-0.054370 
-0.027259 
0.005925 
0.033446 
0.044116 
0.037662 
0.016083 
-0.018860 
-0.048294 
-0.049653 
-0.027005 
0.001559 
0.022344 
0.020868 
-0.005477 
-0.038956 
-0.064388 
-0.069652 
-0.036348 
0.030709 
0.092100 
0.108228 
0.065542 
-0.009740 
-0.060939 
-0.055957 
-0.013261 
0.035768 
0.067668 
0.061706 
0.021217 
-0.026068 
-0.064312 
-0.083281 
-0.064443 
-0.012865 
0.038125 
0.062043 
0.048398 
0.004572 
-0.037282 
-0.051212 
-0.041560 
-0.018127 
0.014290 
0.043190 
0.057852 
0.052612 
0.018024 
-0.035595 
-0.068501 
-0.059790 
-0.028788 
0.001574 
0.019239 
0.014368 
-0.007174 
-0.024034 
-0.029299 
-0.033147 
-0.034643 
-0.015797 
0.031812 
0.083526 
0.098959 
0.066547 
0.012079 
-0.031307 
-0.039451 
-0.003728 
0.050420 
0.076525 
0.049534 
-0.019491 
-0.090849 
-0.113284 
-0.067980 
0.007674 
0.063732 
0.078239 
0.048532 
-0.009390 
-0.058618 
-0.070135 
-0.044141 
0.000036 
0.040364 
0.059113 
0.046145 
0.003770 
-0.051074 
-0.095660 
-0.112071 
-0.087028 
-0.021882 
0.049238 
0.082163 
0.069031 
0.035207 
-0.000538 
-0.034959 
-0.058755 
-0.054813 
-0.020679 
0.020857 
0.042202 
0.032430 
-0.004664 
-0.050605 
-0.071763 
-0.050796 
-0.006520 
0.036775 
0.065028 
0.058084 
0.009424 
-0.050524 
-0.088275 
-0.095213 
-0.072127 
-0.023035 
0.036261 
0.079509 
0.081471 
0.043851 
0.002470 
-0.016964 
-0.020112 
-0.006877 
0.028743 
0.064293 
0.073806 
0.060731 
0.030240 
-0.018223 
-0.059852 
-0.063563 
-0.030576 
0.016748 
0.051221 
0.047941 
0.013444 
-0.017502 
-0.032882 
-0.045195 
-0.048419 
-0.024892 
0.022280 
0.072149 
0.099116 
0.085031 
0.036281 
-0.026084 
-0.085813 
-0.119332 
-0.100613 
-0.040858 
0.020409 
0.062587 
0.081628 
0.072197 
0.040411 
-0.002020 
-0.053317 
-0.099639 
-0.106142 
-0.059003 
0.016692 
0.084707 
0.112388 
0.081962 
0.016403 
-0.038971 
-0.061883 
-0.052725 
-0.019879 
0.016975 
0.039938 
0.049482 
0.048837 
0.035124 
0.016389 
0.005085 
-0.003281 
-0.015561 
-0.021543 
-0.011068 
0.008471 
0.021328 
0.020575 
0.014611 
0.011176 
-0.000268 
-0.026842 
-0.045573 
-0.032794 
0.000087 
0.027431 
0.038531 
0.033042 
0.015388 
-0.006012 
-0.027277 
-0.043504 
-0.042122 
-0.022053 
-0.000947 
0.015166 
0.036595 
0.054405 
0.041409 
-0.001443 
-0.040274 
-0.054105 
-0.048550 
-0.030826 
-0.004307 
0.020531 
0.031967 
0.024545 
-0.000676 
-0.030133 
-0.043777 
-0.034179 
-0.007952 
0.020293 
0.030488 
0.019200 
0.011229 
0.021319 
0.032145 
0.030736 
0.022835 
0.009773 
-0.007668 
-0.018539 
-0.017733 
-0.007348 
0.012213 
0.027360 
0.018201 
-0.006391 
-0.021245 
-0.023670 
-0.022935 
-0.017350 
-0.006823 
0.001922 
0.007636 
0.009032 
0.001637 
-0.007179 
-0.002631 
0.014624 
0.028678 
0.031215 
0.030079 
0.030964 
0.023427 
0.000553 
-0.021750 
-0.024810 
-0.004830 
0.034326 
0.067751 
0.052330 
-0.008567 
-0.053872 
-0.054894 
-0.037627 
-0.012604 
0.025477 
0.055253 
0.059181 
0.048521 
0.027365 
-0.005124 
-0.029394 
-0.032903 
-0.023082 
-0.000084 
0.033065 
0.054607 
0.052651 
0.034539 
0.005758 
-0.025803 
-0.045620 
-0.051177 
-0.046965 
-0.031367 
-0.007738 
0.018603 
0.050290 
0.075091 
0.062613 
0.011303 
-0.042427 
-0.073233 
-0.079960 
-0.059093 
-0.011616 
0.038001 
0.062123 
0.053529 
0.016790 
-0.036504 
-0.079351 
-0.085269 
-0.052467 
-0.000381 
0.044188 
0.056384 
0.033552 
0.000497 
-0.023245 
-0.036903 
-0.038823 
-0.029398 
-0.020021 
-0.011810 
0.003759 
0.013631 
-0.003708 
-0.039222 
-0.066466 
-0.073259 
-0.058719 
-0.028733 
0.000866 
0.018082 
0.020887 
0.007640 
-0.014311 
-0.024775 
-0.013148 
0.013064 
0.037106 
0.039384 
0.016817 
-0.008973 
-0.023544 
-0.028659 
-0.015541 
0.018306 
0.045126 
0.046064 
0.032256 
0.009672 
-0.021084 
-0.041081 
-0.037757 
-0.026481 
-0.024355 
-0.029373 
-0.024046 
0.004738 
0.037278 
0.038059 
0.009102 
-0.017035 
-0.029238 
-0.037731 
-0.042610 
-0.036337 
-0.017606 
0.007846 
0.029597 
0.037638 
0.025689 
-0.007304 
-0.048181 
-0.070029 
-0.054579 
-0.009322 
0.036745 
0.051753 
0.027816 
-0.008678 
-0.029115 
-0.034811 
-0.039568 
-0.040303 
-0.026795 
-0.002351 
0.021743 
0.035900 
0.031789 
0.012744 
-0.004459 
-0.014187 
-0.021447 
-0.016221 
0.009044 
0.034368 
0.044771 
0.046812 
0.035138 
0.002007 
-0.028532 
-0.032208 
-0.017646 
0.000279 
0.013561 
0.009301 
-0.012016 
-0.025955 
-0.018082 
-0.003852 
-0.001530 
-0.008055 
-0.011353 
-0.010801 
-0.012621 
-0.016284 
-0.016905 
-0.008299 
0.010763 
0.024432 
0.019479 
0.011601 
0.014366 
0.012545 
0.000527 
-0.004804 
-0.005554 
-0.019235 
-0.043649 
-0.064973 
-0.071927 
-0.050900 
0.000882 
0.059763 
0.089524 
0.068200 
0.007181 
-0.056061 
-0.087253 
-0.071264 
-0.019932 
0.029620 
0.050343 
0.044008 
0.015615 
-0.028600 
-0.063269 
-0.069901 
-0.054332 
-0.019338 
0.025928 
0.045286 
0.021165 
-0.017179 
-0.037623 
-0.031655 
-0.002719 
0.033902 
0.055807 
0.050093 
0.020152 
-0.014438 
-0.034531 
-0.038309 
-0.024519 
0.009817 
0.041075 
0.042437 
0.027721 
0.018757 
0.007797 
-0.011232 
-0.027173 
-0.032318 
-0.017804 
0.020845 
0.057993 
0.063340 
0.043580 
0.021294 
0.001233 
-0.014515 
-0.012039 
0.013174 
0.040058 
0.040399 
0.007002 
-0.041222 
-0.075999 
-0.078968 
-0.049274 
0.005321 
0.073530 
0.122598 
0.103213 
0.009479 
-0.096295 
-0.147831 
-0.125046 
-0.043047 
0.059052 
0.126526 
0.123458 
0.064989 
-0.007990 
-0.068617 
-0.092668 
-0.061987 
0.000132 
0.051039 
0.077142 
0.077126 
0.041703 
-0.013658 
-0.049461 
-0.051132 
-0.028942 
0.012854 
0.060335 
0.083569 
0.070424 
0.032232 
-0.015125 
-0.049089 
-0.050057 
-0.025005 
0.005504 
0.029033 
0.034254 
0.015490 
-0.009697 
-0.015417 
0.004881 
0.034580 
0.048584 
0.034552 
-0.000935 
-0.049080 
-0.099758 
-0.125918 
-0.103549 
-0.045797 
0.014039 
0.057684 
0.077402 
0.062870 
0.012410 
-0.055658 
-0.111315 
-0.127917 
-0.090843 
-0.006969 
0.087295 
0.142752 
0.133016 
0.068317 
-0.017478 
-0.082022 
-0.098237 
-0.074169 
-0.025378 
0.043460 
0.099440 
0.095370 
0.043560 
-0.004102 
-0.031946 
-0.045738 
-0.036850 
-0.009638 
0.010867 
0.009879 
-0.009836 
-0.034254 
-0.045551 
-0.038913 
-0.018534 
0.012509 
0.039476 
0.042268 
0.021339 
-0.005967 
-0.021076 
-0.011340 
0.011312 
0.020179 
0.015273 
0.013222 
0.010220 
-0.000466 
-0.008023 
-0.007328 
-0.006347 
-0.009097 
-0.012713 
-0.009905 
0.003841 
0.019466 
0.026018 
0.022275 
0.010379 
-0.001644 
-0.005001 
-0.009602 
-0.025485 
-0.035228 
-0.022691 
0.001810 
0.026260 
0.047478 
0.058913 
0.056874 
0.045105 
0.027689 
0.009288 
-0.008453 
-0.027272 
-0.035955 
-0.019250 
0.010986 
0.024405 
0.011047 
-0.011568 
-0.025431 
-0.030489 
-0.030638 
-0.017493 
0.009336 
0.026088 
0.016395 
-0.006560 
-0.024104 
-0.028110 
-0.018875 
-0.008275 
-0.007895 
-0.015117 
-0.027559 
-0.045653 
-0.053933 
-0.035263 
0.002174 
0.038210 
0.059711 
0.057762 
0.034413 
0.008652 
-0.005229 
-0.011282 
-0.013883 
-0.009536 
-0.004904 
-0.014307 
-0.029832 
-0.024150 
0.008301 
0.041611 
0.050877 
0.033047 
0.005512 
-0.007068 
0.000541 
0.005870 
-0.009161 
-0.034242 
-0.047746 
-0.039548 
-0.014976 
0.009159 
0.012461 
-0.011064 
-0.039743 
-0.046600 
-0.035559 
-0.026710 
-0.015502 
0.012337 
0.045446 
0.064540 
0.064501 
0.041094 
-0.003509 
-0.047357 
-0.067660 
-0.054505 
-0.008034 
0.051650 
0.094361 
0.109590 
0.094873 
0.040397 
-0.035634 
-0.084310 
-0.086085 
-0.061242 
-0.022918 
0.025739 
0.062805 
0.064646 
0.035280 
-0.006206 
-0.044191 
-0.063096 
-0.051632 
-0.018470 
0.016935 
0.045567 
0.059381 
0.040154 
-0.010464 
-0.055266 
-0.068103 
-0.060311 
-0.040635 
-0.001306 
0.044866 
0.067159 
0.057761 
0.029747 
-0.009007 
-0.052577 
-0.082752 
-0.073657 
-0.016791 
0.055745 
0.097389 
0.092325 
0.047234 
-0.023896 
-0.078068 
-0.069927 
-0.016846 
0.032751 
0.065524 
0.075617 
0.047078 
-0.002971 
-0.044915 
-0.074764 
-0.076398 
-0.026486 
0.041739 
0.075154 
0.073398 
0.050887 
-0.001419 
-0.066714 
-0.092792 
-0.057162 
0.015439 
0.092105 
0.139350 
0.117949 
0.025494 
-0.076877 
-0.124365 
-0.109039 
-0.061487 
-0.004580 
0.054567 
0.101830 
0.110928 
0.065529 
-0.015748 
-0.088640 
-0.119135 
-0.093603 
-0.020543 
0.060407 
0.103733 
0.094051 
0.041580 
-0.029611 
-0.083680 
-0.101137 
-0.090680 
-0.052713 
0.015990 
0.082053 
0.104362 
0.076991 
0.015091 
-0.052579 
-0.084274 
-0.065526 
-0.021673 
0.022943 
0.055701 
0.064543 
0.050203 
0.021540 
-0.018049 
-0.052938 
-0.054760 
-0.014477 
0.046663 
0.092721 
0.093416 
0.044232 
-0.033194 
-0.103530 
-0.121768 
-0.066430 
0.023271 
0.091052 
0.116660 
0.090993 
0.007468 
-0.096379 
-0.150868 
-0.120217 
-0.027609 
0.075138 
0.136975 
0.123652 
0.046138 
-0.041121 
-0.093054 
-0.099256 
-0.066949 
-0.009980 
0.047718 
0.076923 
0.065595 
0.028689 
-0.008200 
-0.028258 
-0.028207 
-0.013746 
0.002430 
0.004964 
-0.010149 
-0.027329 
-0.030940 
-0.023770 
-0.010990 
0.013391 
0.046261 
0.067016 
0.062559 
0.035932 
-0.006618 
-0.047343 
-0.056223 
-0.028729 
0.004218 
0.021568 
0.029004 
0.027970 
0.012294 
-0.012228 
-0.033452 
-0.041299 
-0.026607 
0.006844 
0.040095 
0.060523 
0.065115 
0.049736 
0.016911 
-0.020572 
-0.049311 
-0.054872 
-0.029398 
0.010272 
0.036780 
0.044631 
0.045223 
0.039885 
0.019171 
-0.014272 
-0.038476 
-0.036964 
-0.015513 
0.014441 
0.043760 
0.052910 
0.026677 
-0.020080 
-0.057935 
-0.066954 
-0.042568 
-0.003618 
0.023577 
0.037214 
0.041527 
0.020766 
-0.023389 
-0.053850 
-0.052367 
-0.038579 
-0.025127 
-0.003895 
0.025059 
0.041311 
0.023340 
-0.023832 
-0.070331 
-0.090626 
-0.071324 
-0.008787 
0.068386 
0.106971 
0.085666 
0.030294 
-0.025872 
-0.061032 
-0.063251 
-0.038845 
-0.003997 
0.029311 
0.046299 
0.037573 
0.014054 
-0.010060 
-0.027310 
-0.024985 
0.001202 
0.032357 
0.050525 
0.052131 
0.032203 
-0.011220 
-0.060009 
-0.086741 
-0.075775 
-0.032972 
0.017005 
0.048378 
0.048888 
0.024521 
-0.000868 
-0.004540 
0.007362 
0.010730 
0.000363 
-0.008224 
-0.002823 
0.016697 
0.037265 
0.036868 
0.008017 
-0.028889 
-0.049773 
-0.050589 
-0.037985 
-0.013191 
0.022781 
0.056472 
0.068330 
0.049698 
0.006540 
-0.041248 
-0.061386 
-0.036649 
0.006959 
0.028548 
0.020104 
0.000019 
-0.017406 
-0.027466 
-0.032396 
-0.035481 
-0.027257 
0.005181 
0.047294 
0.065287 
0.046939 
0.007964 
-0.032523 
-0.058776 
-0.054321 
-0.015142 
0.040570 
0.086624 
0.100642 
0.069238 
0.007501 
-0.042207 
-0.055093 
-0.042040 
-0.012847 
0.032089 
0.069894 
0.068511 
0.030139 
-0.016492 
-0.046917 
-0.045512 
-0.012747 
0.028797 
0.053954 
0.049481 
0.016467 
-0.019505 
-0.025747 
-0.004507 
0.011266 
0.004345 
-0.013722 
-0.027250 
-0.030660 
-0.023872 
-0.007613 
0.011848 
0.020853 
0.014836 
0.009100 
0.017352 
0.030417 
0.030093 
0.010677 
-0.019474 
-0.044208 
-0.047191 
-0.022919 
0.016514 
0.046611 
0.044327 
0.003672 
-0.052381 
-0.082031 
-0.061678 
-0.010424 
0.032777 
0.047929 
0.037102 
0.009679 
-0.020782 
-0.039591 
-0.038082 
-0.018894 
0.007777 
0.029662 
0.036870 
0.026807 
0.005399 
-0.016629 
-0.029071 
-0.026981 
-0.012210 
0.007715 
0.023287 
0.027512 
0.019016 
0.002760 
-0.013272 
-0.021932 
-0.019695 
-0.008075 
0.007016 
0.018308 
0.020879 
0.014184 
0.001957 
-0.010018 
-0.016447 
-0.014563 
-0.005690 
0.005482 
0.013718 
0.015569 
0.010721 
0.001690 
-0.007244 
-0.011850 
-0.010216 
-0.003595 
0.004497 
0.010351 
0.011556 
0.007673 
0.000786 
-0.005647 
-0.008553 
-0.006870 
-0.001826 
0.004140 
0.008366 
0.008909 
0.005526 
0.000077 
-0.004675 
-0.006665 
-0.005218 
-0.001081 
0.003804 
0.007129 
0.007372 
0.004628 
0.000554 
-0.003064 
-0.004755 
-0.003943 
-0.000922 
0.002747 
0.005206 
0.005460 
0.003746 
0.000984 
-0.001683 
-0.002986 
-0.002286 
-0.000077 
0.002306 
0.003690 
0.003712 
0.002431 
0.000461 
-0.001336 
-0.001988 
-0.001158 
0.000463 
0.002131 
0.003196 
0.003227 
0.002132 
0.000332 
