386.700012
343.386658
268.702209
258.071106
255.271118
268.835541
272.995544
307.075562
290.515564
291.431122
290.844452
237.688889
233.528885
233.128891
233.217773
236.488892
233.226669
248.986664
144.133331
152.222229
155.635559
108.053337
127.644447
115.635559
125.377777
122.515556
115.617775
151.199997
160.053329
154.071106
156.151108
150.666672
149.991104
151.520004
157.448883
155.635559
190.986664
172.853333
158.195557
166.311111
203.964447
155.671112
159.511108
155.777771
159.351105
155.777771
168.488892
135.697784
126.657776
143.582230
150.746674
156.524445
137.591110
148.204437
135.795563
131.671112
131.839996
131.813339
145.315552
138.435562
131.004440
130.808884
129.057785
131.466660
138.542221
166.648895
159.928894
130.168884
137.333328
128.488892
129.093338
141.759995
145.751114
132.222229
137.128891
128.337784
126.666664
131.919998
126.657776
137.022217
166.133331
147.368896
145.084442
146.568893
148.151108
139.955551
133.066666
126.773331
135.457779
132.977783
163.315552
159.146667
151.706665
152.897781
151.537781
152.977783
151.848892
155.919998
153.431107
169.848892
151.866669
157.653336
175.591110
154.124451
151.715561
166.026672
161.964447
158.088882
151.839996
156.524445
174.568893
170.293335
152.471115
156.026672
151.635559
158.293335
163.608887
152.000000
158.880005
174.453339
107.777779
119.386665
112.728889
112.071114
121.057777
105.635559
109.342224
103.937775
103.991112
105.306664
103.297775
101.431114
121.528893
103.360001
110.168892
105.680000
99.066666
119.635559
122.924446
99.511108
105.262222
103.528893
130.791107
98.800003
108.684448
109.137779
102.959999
99.199997
106.542221
120.453331
99.066666
104.142220
99.831108
111.599998
98.959999
103.360001
104.551109
112.035553
112.471107
103.422226
98.888885
100.639999
104.275558
106.702225
103.279999
99.591110
108.888885
101.484444
98.711113
105.342224
99.493332
131.822220
99.244446
104.791115
132.320007
113.235558
112.968887
87.973335
100.657776
93.706665
108.177780
85.991112
93.244446
110.204445
95.386665
88.044441
85.848892
86.248886
84.453331
82.871109
78.595558
78.924446
72.568886
73.102219
76.942223
76.622223
73.519997
71.955559
76.515556
71.617775
78.631111
77.919998
37.919998
35.822224
37.013332
30.755556
37.955555
45.733334
44.497776
49.591110
49.217777
56.186668
55.946667
45.564445
54.560001
41.617779
47.520000
41.360001
37.884445
42.488888
41.173332
37.804443
44.746666
38.248890
42.933334
37.564445
36.675556
42.951111
36.408890
55.324444
37.591110
40.542221
34.026669
42.711113
33.128887
42.568890
35.866665
33.031113
34.959999
34.222221
46.702221
39.946667
55.866665
43.955555
40.835556
47.084446
44.062222
41.244446
44.124443
38.160000
40.648888
