386.700012
351.413330
286.204437
294.346680
277.813324
97.715553
91.768890
91.360001
112.533333
112.986664
91.377777
93.164444
100.924446
137.262222
109.768890
105.768890
125.040001
129.084442
125.724442
160.328888
146.933334
130.826660
133.102219
142.977783
132.622223
137.573334
139.262222
153.342224
132.533340
130.702225
132.000000
148.337784
133.759995
134.035553
159.155548
183.591110
190.124451
172.604446
181.475555
154.960007
149.466660
138.035553
139.022217
138.320007
150.977783
136.622223
125.386665
124.675552
124.586670
145.973328
61.857777
61.715557
58.533333
60.062222
57.617779
58.551109
69.031113
57.733334
71.386665
57.742222
58.444443
66.995552
63.822224
43.431110
42.666668
57.404446
37.475555
35.706665
38.951111
38.915554
41.626667
39.297779
52.302223
48.533333
46.284443
51.253334
50.462223
48.560001
52.826668
47.662224
46.160000
67.644447
58.657776
58.426666
51.759998
70.977776
65.395554
71.066666
38.595554
47.662224
56.240002
56.035557
53.528889
35.688889
31.182222
38.942223
50.826668
48.426666
44.657776
38.880001
38.088890
53.511112
42.631111
51.955555
51.004444
41.537777
47.840000
56.906666
51.599998
58.657776
53.919998
66.568886
59.422222
45.191113
57.786667
53.919998
58.097778
40.035557
17.528889
23.288889
38.222221
22.364445
31.742222
30.080000
31.333334
37.742222
34.044445
33.786667
36.231110
39.404446
37.271111
39.813332
34.195557
32.702221
38.115555
40.106667
33.075554
46.951111
33.386665
37.164444
41.475555
52.968887
42.426666
48.320000
39.635555
44.044445
49.626667
43.279999
27.840000
37.431110
35.093334
47.297779
47.333332
25.306667
25.208889
38.577778
35.404446
38.835556
42.213333
39.875557
40.915554
46.613335
42.897778
47.395557
36.791111
45.342224
48.817780
39.306667
41.919998
38.035557
51.431110
35.946667
43.271111
35.822224
45.813332
47.422222
43.040001
46.035557
38.791111
41.351112
39.057777
39.697777
41.439999
32.862221
39.964443
24.124445
31.235556
23.457777
22.942223
23.955555
26.604445
28.951111
29.004444
31.128889
26.675556
28.915556
26.773333
26.426666
26.675556
26.328888
28.782223
30.408890
43.128887
27.493334
30.648890
28.497778
32.035557
28.488890
31.973333
33.777779
23.626667
27.600000
24.213333
31.733334
25.413334
29.973333
26.515556
27.057777
31.191111
29.991112
28.284445
29.475555
31.244444
30.853333
32.906666
30.791111
25.831112
25.760000
26.888889
27.813334
29.271111
33.057777
30.871111
31.102222
25.662222
31.404444
31.671112
31.075556
31.644444
25.813334
29.751112
32.568890
33.786667
26.177778
38.613335
28.675556
27.751112
30.719999
34.933334
38.088890
30.995556
