386.700012
353.306671
331.777771
296.097778
261.866669
232.551117
179.875549
188.000000
203.039993
203.102219
198.124451
205.360001
195.217773
274.640015
251.288895
280.648895
235.919998
233.555557
235.955551
287.822235
270.142212
279.404449
254.595551
238.986664
233.351105
189.982224
127.528893
129.502228
157.759995
115.848892
116.924446
118.453331
119.084442
117.671112
113.057777
111.217781
111.555557
118.826668
112.586670
114.853333
116.008888
119.279999
117.475555
114.515556
116.346664
115.271111
115.262222
114.568886
116.177780
134.693329
116.826668
119.146667
116.328888
116.737778
121.484444
130.764450
130.186661
132.115555
117.893333
155.119995
111.964447
113.564445
152.088882
115.315552
130.275558
112.302223
111.680000
116.088890
129.119995
112.977776
125.040001
37.448891
43.368889
34.622223
39.884445
34.328888
40.186668
40.888889
41.306667
34.346668
39.982224
37.582222
36.302223
34.257778
31.022223
33.706665
37.466667
32.808887
37.226665
33.173332
36.675556
32.151112
33.964443
34.080002
35.857777
47.813332
37.608891
37.288887
36.871113
37.004444
38.799999
41.857777
38.195557
39.840000
53.502224
41.653332
41.759998
45.048889
40.924446
30.106667
34.693333
36.666668
36.080002
31.226667
32.533333
31.768888
32.551109
36.328888
34.808887
39.937778
30.862223
35.902222
37.822224
46.835556
37.235554
33.217777
31.991112
33.546665
34.791111
33.333332
39.608891
36.880001
37.706665
43.031113
38.551109
37.742222
38.160000
42.080002
45.759998
32.551109
37.395557
40.426666
37.395557
33.715557
34.373333
42.604443
39.991112
37.484444
35.457779
34.364445
36.568890
39.395557
31.697779
34.693333
35.537777
41.777779
37.955555
36.080002
40.906666
39.795555
35.911110
38.213333
37.733334
39.431110
36.008888
37.582222
38.435555
40.915554
40.693333
32.284443
40.168888
34.302223
35.262222
42.506668
31.680000
32.293335
30.622223
35.457779
33.013332
30.684444
31.031111
36.799999
30.568890
30.799999
32.604443
36.222221
32.097778
30.408890
34.577778
39.546665
34.604443
33.786667
41.857777
40.897778
39.742222
39.653332
43.200001
41.075554
40.888889
35.617779
32.720001
31.644444
26.799999
31.804445
29.591110
32.177776
38.835556
38.471111
41.857777
36.426666
37.502224
46.551109
44.862221
54.053333
41.075554
39.360001
38.871113
48.044445
58.248890
54.533333
59.973331
39.564445
45.644444
35.724445
39.448891
50.444443
48.204445
41.386665
40.364445
35.617779
39.404446
51.840000
40.702221
47.155556
40.302223
37.164444
55.928890
41.226665
48.026669
45.288887
41.866665
42.782223
44.364445
47.555557
43.546665
43.617779
41.555557
36.844444
41.493332
41.031113
55.137779
