386.700012
345.946655
248.391113
292.239990
266.568878
204.960007
204.693329
209.404449
207.804443
205.111115
205.520004
200.808884
199.528885
199.235550
220.204437
201.084442
200.053329
199.182220
199.991104
202.186661
206.897781
198.995560
200.933334
200.488892
255.671112
241.991104
186.391113
187.626663
185.591110
185.039993
193.733337
222.204437
205.297775
204.595551
204.808884
203.653336
209.155548
211.315552
203.964447
189.075562
185.493332
185.902222
186.880005
238.462219
237.377777
241.448883
237.493332
237.386673
247.253326
241.528885
238.124451
238.000000
237.644440
238.951111
245.937775
254.017776
157.946671
188.346664
106.871109
110.435555
108.391113
120.915558
107.528893
124.400002
108.595558
121.813332
115.466667
133.813339
120.782219
133.982224
178.186661
169.688889
171.564438
170.435562
189.288895
173.893326
190.462219
173.502228
170.631104
170.097778
169.786667
188.960007
170.417770
170.577774
177.173340
177.884445
171.546661
170.702225
170.595551
170.355560
169.813339
181.297775
177.759995
169.431107
178.728882
174.142227
169.706665
170.471115
182.195557
136.675552
136.853333
143.226669
136.737778
142.213333
138.195557
139.617783
136.488892
135.973328
136.817780
136.506668
136.639999
145.671112
138.515549
139.928894
146.639999
140.373337
142.764450
138.426666
139.600006
165.777771
139.208893
139.484451
143.457779
141.626663
139.991104
144.302216
142.888885
142.755554
140.506668
139.440002
145.351105
139.786667
140.142227
140.773331
143.217773
139.671112
145.839996
148.195557
137.297775
144.622223
135.440002
136.008896
132.435562
132.515549
132.248886
140.639999
130.444443
139.813339
131.182220
134.177780
136.951111
137.075562
139.155548
133.199997
132.240005
131.671112
147.262222
137.919998
145.226669
139.288895
131.520004
139.706665
133.893326
134.639999
131.866669
131.199997
195.448883
66.853333
76.720001
71.164444
68.062225
67.831108
64.995552
63.475555
62.213333
73.199997
76.026665
70.915558
64.320000
73.395554
74.755554
72.266670
62.942223
62.746666
62.657776
71.244446
68.248886
62.275555
70.746666
61.671112
73.004448
61.982224
78.311111
61.919998
64.382225
74.080002
77.555557
61.733334
72.400002
65.040001
65.786667
71.893333
61.813332
63.102222
66.355553
62.071110
62.853333
62.639999
71.902222
67.075554
73.555557
77.884445
64.764442
71.360001
72.657776
71.093330
63.351112
64.000000
73.813332
64.791115
62.826668
70.968887
73.768890
71.315552
63.146667
61.813332
69.191109
79.297775
71.111115
72.311111
66.115555
63.075554
63.057777
70.800003
71.040001
74.435555
65.066666
65.688889
73.519997
66.959999
76.888885
76.977776
73.395554
69.715553
79.004448
61.884445
74.444443
71.297775
63.422222
62.942223
68.506668
