386.700012
337.457764
255.608887
248.204437
252.364441
197.973328
247.333328
247.973328
202.426666
113.271111
111.537781
114.862221
114.737778
111.546669
113.893333
122.071114
126.586670
122.711113
122.968887
132.266663
123.919998
131.822220
97.351112
103.742226
108.764442
125.911110
119.955559
132.524445
119.208885
121.626663
125.466667
121.448891
121.191109
133.626663
131.955551
194.497772
119.208885
120.675552
121.315552
112.933334
112.755554
121.368889
111.395554
113.457779
113.893333
130.524445
120.844444
113.715553
115.031113
115.635559
111.066666
124.160004
119.919998
119.644447
111.448891
117.519997
113.484444
112.888885
109.573334
112.924446
113.608887
118.231110
116.791115
114.764442
131.306671
132.142227
142.675552
139.982224
120.506668
114.382225
110.586670
121.013336
131.102219
136.213333
124.231110
123.360001
130.080002
130.062225
119.422226
122.879997
125.786667
123.911110
135.431107
124.426666
135.244446
121.804443
125.360001
128.711105
129.395554
177.804443
197.084442
113.297775
115.484444
116.462219
114.257774
116.257774
122.871109
122.106667
111.546669
111.084442
110.115555
110.035553
133.493332
122.782219
113.519997
121.857780
113.111115
115.964447
180.720001
182.097778
175.955551
178.346664
183.306671
177.173340
176.693329
176.275558
188.044449
173.600006
175.475555
183.288895
174.008896
229.422226
30.400000
31.217777
31.137777
32.542221
29.911112
29.697779
33.404446
30.497778
52.693333
33.075554
30.888889
31.004444
31.324444
28.444445
34.720001
31.155556
30.408890
35.591110
31.786667
33.982224
46.808887
30.275555
54.862221
44.906666
42.862221
58.115555
61.946667
46.933334
45.075554
44.746666
53.066666
52.684444
45.422222
58.560001
56.151112
53.626667
67.244446
51.413334
65.048889
51.608891
57.244446
62.906666
50.986668
64.728889
54.542221
56.382221
51.404446
52.426666
62.186668
65.342224
50.924446
55.217777
59.946667
55.688889
57.528889
65.599998
49.680000
62.213333
65.448891
62.808887
55.484444
50.008888
56.977779
50.817780
61.466667
62.000000
54.355556
51.804443
55.857777
50.284443
55.928890
50.808887
59.831112
60.702221
52.008888
57.928890
49.884445
59.591110
60.080002
55.511112
56.408890
57.075554
51.102222
50.222221
51.955555
55.671112
62.364445
50.284443
51.786667
52.924446
63.404446
58.337776
65.964447
71.022224
70.462219
65.235558
43.377777
47.119999
58.684444
51.155556
45.555557
61.831112
66.488892
64.595558
51.360001
48.871113
53.982224
49.822224
60.284443
52.684444
50.613335
48.515556
49.022221
52.720001
61.866665
56.115555
50.195557
54.071110
50.177776
46.257778
51.591110
51.911110
58.675556
56.693333
48.799999
47.493332
54.382221
62.151112
49.893333
