386.700012
333.724457
245.448883
245.360001
280.959991
239.119995
260.559998
252.240005
252.302216
258.142212
252.195557
255.653336
268.924438
234.311111
225.102219
211.813339
267.324432
230.115555
231.084442
213.600006
221.751114
223.751114
236.737778
234.942215
216.924438
294.444458
225.635559
256.684448
179.875549
165.520004
166.142227
163.759995
156.631104
160.355560
170.382217
168.906662
194.142227
205.724442
198.399994
191.626663
200.666672
198.728882
205.164444
181.626663
178.728882
162.426666
219.182220
168.897781
145.653336
164.728882
168.302216
174.151108
187.386673
210.240005
182.124451
172.168884
176.266663
174.835556
173.973328
157.795563
79.928886
88.675552
81.128891
76.355553
92.453331
83.582222
76.453331
107.475555
103.644447
100.924446
91.368889
109.653336
80.133331
77.884445
80.684448
85.333336
84.631111
78.862221
97.564445
86.133331
81.368889
86.577774
85.955559
92.124443
100.755554
99.057777
106.853333
79.333336
87.555557
81.546669
83.173332
81.137779
85.502220
82.711113
100.826668
81.813332
93.395554
87.991112
88.577774
81.760002
88.631111
85.591110
85.066666
88.337776
86.639999
92.639999
86.355553
77.262222
81.848892
93.706665
84.897781
91.386665
83.822220
85.804443
89.075554
89.244446
103.706665
61.671112
64.506668
56.826668
53.857777
59.208889
43.848888
58.924446
55.155556
42.133335
44.826668
43.991112
47.395557
53.262222
42.266666
44.488888
47.946667
39.884445
39.911110
43.919998
56.568890
39.866665
41.306667
39.751110
48.524445
42.266666
50.097778
37.591110
37.937778
39.244446
45.759998
38.035557
45.448891
53.048889
58.026669
47.040001
50.506668
46.071110
45.253334
37.813332
46.515556
40.862221
51.520000
37.840000
40.435555
45.928890
46.035557
37.804443
38.106667
38.097778
37.902222
51.217777
38.017776
40.222221
45.751110
38.924446
37.946667
45.528889
37.688889
37.928890
38.195557
40.062222
46.799999
40.071110
39.200001
40.204445
44.675556
42.755554
37.715557
38.951111
55.297779
39.253334
44.835556
37.724445
44.568890
44.000000
38.008888
40.213333
48.044445
47.751110
52.008888
43.857777
45.644444
50.942223
38.088890
38.231110
50.542221
37.937778
45.439999
37.848888
46.222221
46.320000
42.408890
38.044445
40.222221
37.973331
51.119999
37.857777
40.053333
46.195557
52.053333
37.982224
50.391109
45.777779
41.253334
53.813332
39.182220
46.062222
43.475555
47.777779
40.017776
48.560001
48.257778
47.404446
41.137779
40.186668
46.044445
38.017776
45.777779
42.373333
37.813332
43.697777
45.546665
34.977779
28.453333
29.751112
33.671112
36.453335
35.422222
42.000000
51.226665
47.439999
47.377777
57.706665
46.551109
