386.700012
347.946655
272.720001
276.408875
276.791107
228.559998
210.320007
201.875549
208.835556
197.706665
197.164444
200.240005
197.111115
207.244446
206.435562
248.711105
127.279999
146.311111
128.382217
138.702225
133.795563
126.782219
126.604446
133.626663
130.844452
132.871109
166.897781
163.955551
157.306671
164.017776
153.964447
168.408890
154.275558
154.648895
154.115555
175.315552
162.942215
154.364441
156.604446
154.515549
156.497772
154.328888
154.684448
155.484451
158.115555
164.542221
167.271118
154.364441
159.297775
154.755554
158.213333
155.555557
154.124451
154.266663
155.093338
157.440002
155.057785
158.168884
156.408890
153.688889
157.431107
154.097778
154.720001
160.382217
155.644440
158.195557
154.000000
158.053329
155.919998
153.911118
166.782227
85.946663
113.057777
64.231110
73.537781
54.631111
52.311111
56.622223
63.271111
59.439999
59.644444
56.408890
58.631111
51.573334
62.257778
66.524445
57.315556
67.893333
59.599998
62.613335
60.311111
56.480000
54.595554
54.133335
55.893333
58.657776
55.102222
54.035557
57.288887
70.844444
57.982224
61.528889
58.808887
64.284447
52.826668
57.031113
57.493332
67.226669
59.004444
68.737778
75.751114
67.333336
66.720001
56.240002
56.560001
66.053337
67.457779
73.199997
71.599998
54.408890
47.084446
42.240002
36.631111
31.395555
31.937778
32.168888
40.080002
36.853333
33.226665
40.008888
47.066666
44.666668
40.915554
46.524445
40.995556
42.737778
38.880001
45.964443
38.524445
39.848888
47.244446
49.946667
37.511112
36.071110
42.462223
44.311111
35.653332
42.444443
35.155556
41.431110
36.115555
55.893333
39.626667
40.222221
37.902222
39.466667
42.675556
28.444445
37.422222
34.142223
45.315556
39.448891
48.320000
43.733334
42.373333
40.337776
32.880001
39.075554
43.031113
35.733334
42.115555
41.324444
47.795555
37.982224
42.480000
45.724445
42.995556
42.702221
45.306667
45.057777
44.480000
46.817780
47.564445
49.742222
40.160000
48.897778
49.759998
57.573334
52.631111
48.782223
51.155556
49.360001
56.622223
50.248890
54.044445
49.813332
53.742222
49.768890
54.604443
61.591110
53.351112
51.884445
61.351112
58.026669
57.368889
52.222221
50.702221
51.617779
50.506668
51.022221
52.533333
59.919998
56.897778
58.151112
50.862221
54.862221
53.520000
50.248890
53.617779
52.888889
51.439999
51.040001
58.871113
51.857777
57.831112
55.706665
51.857777
54.871113
49.431110
49.208889
49.075554
55.324444
51.128887
60.826668
51.759998
49.439999
58.204445
54.497776
54.213333
56.337776
52.071110
54.400002
51.973331
51.262222
51.173332
51.768890
59.795555
50.000000
50.613335
51.288887
55.884445
