   0.00000
   0.00000
   0.00000
   0.00000
   0.00000
   0.00000
   0.00000
   0.00000
   0.00000
   0.00000
   0.00000
   0.16893
   0.18883
   0.24248
   0.16669
   0.55455
   0.43180
   0.72181
   0.58955
   0.80000
   0.50005
   0.76367
   0.72359
   0.84539
   0.88130
   1.02598
   0.99969
   0.84584
   0.91795
   1.07410
   0.96477
   1.29266
   0.98270
   1.12069
   1.08259
   1.27803
   1.03553
   1.07166
   1.10933
   0.98462
   0.98877
   1.01022
   0.81679
   0.94046
   0.80539
   0.84567
   0.64175
   0.94480
   0.77773
   0.63766
   0.51199
   0.54950
   0.52764
   0.27004
   0.21326
   0.26219
   0.24009
   0.15849
   0.13266
  -0.06359
  -0.18195
  -0.12838
   0.11844
  -0.21327
  -0.31921
  -0.18475
  -0.47192
  -0.44302
  -0.78408
  -0.33362
  -0.80969
  -0.45838
  -0.81382
  -0.85759
  -0.82718
  -0.85294
  -0.83676
  -1.05202
  -0.89332
  -0.92335
  -0.99629
  -0.76274
  -1.14152
  -1.01798
  -1.08082
  -1.05054
  -1.01274
  -1.01984
  -1.21835
  -1.03365
  -1.04356
  -0.98805
  -1.03071
  -0.77624
  -0.79223
  -0.70896
  -0.81794
  -0.78373
  -0.80345
  -0.62364
  -0.57187
  -0.48595
  -0.57976
  -0.36766
  -0.44521
  -0.54899
  -0.30044
  -0.13919
  -0.02602
  -0.10362
  -0.05595
   0.24512
   0.18444
   0.31896
   0.26729
   0.34032
   0.37346
   0.44657
   0.43691
   0.71368
   0.68079
   0.78161
   0.96060
   0.81380
   0.74469
   0.93111
   0.87690
   0.95443
   0.91269
   0.82244
   1.02609
   1.06754
   1.19290
   0.97291
   1.12451
   0.85315
   0.89207
   0.99294
   0.94059
   1.08495
   1.03862
   0.95761
   0.98362
   1.01817
   1.05036
   0.87354
   0.74093
   0.78140
   0.79572
   0.80413
   0.63365
   0.61760
   0.33459
   0.39410
   0.42264
   0.36847
   0.26053
   0.05913
   0.06926
  -0.08028
  -0.14651
  -0.10850
  -0.29276
  -0.08315
  -0.30233
  -0.50972
  -0.32777
  -0.39794
  -0.63123
  -0.58859
  -0.52880
  -0.75983
  -0.70122
  -0.86488
  -0.87791
  -1.01508
  -0.92339
  -1.00549
  -0.97910
  -0.99313
  -0.92679
  -1.21248
  -0.97053
  -1.06136
  -1.10874
  -0.89506
  -1.20927
  -0.84505
  -1.08220
  -1.02973
  -1.01455
  -1.08782
  -1.02661
  -0.91105
  -1.00955
  -0.89633
  -0.70184
  -0.86741
  -0.75815
  -0.76493
  -0.56435
  -0.48896
  -0.50018
  -0.61665
  -0.47583
  -0.47303
  -0.27593
  -0.16430
   0.06635
   0.06763
   0.20964
   0.11715
   0.24938
   0.32209
   0.42985
   0.35496
   0.48358
   0.69466
   0.44070
   0.55863
   0.73687
   0.56232
   0.80200
   0.82034
   0.74121
   0.93338
   0.85606
   1.14700
   1.09184
   0.85198
   1.11773
   1.15961
   1.15138
   1.15372
   0.99761
   1.01938
   0.96730
   1.00279
   1.04157
   1.18775
   1.07883
   0.84420
   0.87796
   1.01213
   0.93011
   0.74717
   0.90003
   0.71480
   0.77991
   0.62296
   0.64878
   0.50632
   0.55477
   0.40657
   0.43916
   0.30198
   0.18221
   0.25800
   0.10553
  -0.07724
  -0.00397
  -0.27727
  -0.15469
  -0.20927
  -0.20556
  -0.21266
  -0.47629
  -0.30327
  -0.50906
  -0.61946
  -0.65934
  -0.71607
  -0.83559
  -0.75197
  -0.96630
  -0.91108
  -0.89251
  -0.83573
  -0.79638
  -1.00175
  -1.02605
  -1.05618
  -1.17242
  -1.10298
  -1.04118
  -0.96467
  -1.14562
  -1.26995
  -0.79473
  -1.03854
  -0.91884
  -0.81487
  -0.76600
  -0.92218
  -0.88105
  -0.93686
  -0.70417
  -0.78362
  -0.67412
  -0.67390
  -0.52204
  -0.42672
  -0.36723
  -0.46593
  -0.49590
  -0.44606
   0.00394
  -0.07411
  -0.12842
  -0.07720
  -0.13604
   0.09333
   0.11472
   0.18386
   0.13801
   0.38699
   0.49114
   0.51867
   0.60117
   0.69570
   0.56399
   0.71677
   0.76377
   0.71443
   0.74165
   1.00232
   0.75498
   0.77168
   1.03691
   1.01908
   1.07728
   1.02541
   0.98466
   1.01005
   0.81091
   1.14765
   0.95381
   1.12490
   1.13943
   0.87096
   1.09386
   1.15029
   0.87579
   0.83927
   0.99317
   0.93813
   0.99532
   0.65612
   0.68885
   0.84468
   0.40549
   0.38590
   0.45162
   0.36096
   0.31605
   0.30842
   0.34756
   0.18929
  -0.05163
   0.05197
  -0.06024
  -0.18595
  -0.02690
  -0.38059
  -0.29395
  -0.11927
  -0.50872
  -0.57550
  -0.57109
  -0.73484
  -0.47374
  -0.51473
  -0.81835
  -0.78510
  -0.79626
  -0.97970
  -0.92491
  -0.89365
  -0.91376
  -1.05183
  -1.06983
  -1.00350
  -1.08909
  -1.07653
  -1.02499
  -1.13719
  -1.14047
  -1.01211
  -1.03316
  -0.91888
  -1.07532
  -0.99719
  -0.74900
  -0.92998
  -0.97731
  -0.83355
  -0.78520
  -0.71424
  -0.66086
  -0.69375
  -0.66436
  -0.48994
  -0.42748
  -0.42224
  -0.51245
  -0.37603
  -0.16217
  -0.34675
  -0.18942
   0.06857
   0.08451
   0.11959
   0.13057
   0.30938
   0.44350
   0.24149
   0.36864
   0.42749
   0.62938
   0.51573
   0.54913
   0.76993
   0.58456
   0.53394
   0.83782
   0.98011
   0.89923
   1.02702
   0.93726
   1.11257
   1.12695
   1.10091
   1.03149
   1.10735
   1.18150
   1.07255
   1.12019
   1.12054
   1.07348
   1.09289
   0.91999
   0.90327
   0.96425
   0.84656
   0.75389
   0.80317
   0.92038
   0.83759
   0.57103
   0.77405
   0.60389
   0.38364
   0.34901
   0.68242
   0.58387
   0.12649
   0.19265
   0.09096
   0.22732
   0.17153
   0.11493
   0.02937
   0.03771
  -0.29814
  -0.23125
  -0.37686
  -0.60150
  -0.71754
  -0.66195
  -0.58220
  -0.73438
  -0.75298
  -0.72630
  -0.71101
  -0.88365
  -0.86106
  -0.85292
  -1.00308
  -0.89253
  -1.12835
  -1.01822
  -1.05530
  -0.86823
  -1.14035
  -1.17556
  -0.97364
  -0.96217
  -1.10941
  -0.95875
  -1.02954
  -1.16877
  -0.85700
  -0.95426
  -0.87838
  -1.02508
  -0.70096
  -0.84391
  -0.82875
  -0.73350
  -0.57751
  -0.75292
  -0.72440
  -0.48158
  -0.27510
  -0.10672
  -0.48259
  -0.33214
  -0.11024
  -0.27566
  -0.24416
   0.03331
   0.19416
   0.21159
   0.22400
   0.48958
   0.39034
   0.39338
   0.57111
   0.59665
   0.82258
   0.49906
   0.87310
   0.74385
   0.68634
   0.99835
   0.93230
   1.02701
   1.09746
   0.96701
   1.17348
   0.79817
   1.10574
   0.82237
   1.10194
   1.10159
   1.04942
   0.86932
   1.02893
   1.17000
   0.97586
   1.03405
   1.10518
   0.94676
   1.06946
   0.90838
   0.90599
   0.64167
   0.60201
   0.78842
   0.62357
   0.60139
   0.65316
   0.45859
   0.34166
   0.36898
   0.27482
   0.16792
   0.10717
   0.05441
   0.12279
   0.16473
   0.01020
  -0.19588
  -0.32933
  -0.45294
  -0.44820
  -0.32396
  -0.73041
  -0.68350
  -0.59833
  -0.75603
  -0.81452
  -0.73804
  -0.67743
  -0.97827
  -1.03502
  -0.96457
  -0.85287
  -1.01944
  -1.17863
  -1.07972
  -1.03577
  -1.02128
  -1.14732
  -0.94879
  -1.22452
  -1.12516
  -0.90565
  -1.10532
  -0.99745
  -1.12164
  -1.12259
  -0.91799
  -1.11541
  -0.76877
  -0.87802
  -0.87778
  -0.78177
  -0.64480
  -0.57088
  -0.61151
  -0.58431
  -0.45309
  -0.38516
  -0.40875
  -0.33819
  -0.03299
  -0.14040
  -0.14864
   0.01231
  -0.14933
   0.22840
   0.14444
   0.11461
   0.18524
   0.33620
   0.33375
   0.57387
   0.68005
   0.68626
   0.67707
   0.54518
   0.68817
   0.70375
   0.93406
   0.65284
   0.65815
   1.06373
   1.08070
   0.98805
   1.25385
   0.90156
   1.15404
   1.09826
   1.15222
   1.02428
   1.14296
   1.15357
   1.17022
   1.09489
   1.05810
   0.97298
   0.97370
   0.99354
   1.02772
   0.88073
   0.82606
   0.73546
   0.65205
   0.74683
   0.56141
   0.57780
   0.50624
   0.45833
   0.43978
   0.26241
   0.23137
   0.24211
  -0.08833
  -0.07381
  -0.06117
  -0.03493
  -0.34789
  -0.18357
  -0.21812
  -0.41239
  -0.47054
  -0.39958
  -0.42059
  -0.53529
  -0.61291
  -0.48338
  -0.80188
  -0.83336
  -0.93449
  -0.79016
  -0.93316
  -0.96882
  -1.01699
  -0.89679
  -1.08082
  -1.20438
  -0.96369
  -1.04477
  -1.10415
  -1.17357
  -0.97823
  -1.15634
  -0.93358
  -1.14966
  -1.05574
  -0.92837
  -1.01143
  -0.88921
  -0.88961
  -1.04183
  -0.83780
  -0.74930
  -0.73354
  -0.68203
  -0.56766
  -0.48540
  -0.57007
  -0.40346
  -0.44179
  -0.28924
  -0.35474
  -0.16398
  -0.18611
   0.08340
   0.09565
   0.18349
   0.06273
   0.22407
   0.30658
   0.36465
   0.55140
   0.60038
   0.38298
   0.50773
   0.57737
   0.67099
   0.92949
   0.72731
   0.81833
   0.80387
   0.89366
   1.09378
   1.08500
   1.11515
   1.01286
   1.01491
   1.09516
   0.92745
   1.20702
   0.93732
   1.14110
   1.10066
   1.18164
   1.10074
   0.91725
   1.06563
   0.98409
   0.93583
   0.79966
   0.66174
   0.75831
   0.76524
   0.65904
   0.66208
   0.43451
   0.52793
   0.38703
   0.48014
   0.32473
   0.21007
   0.24827
   0.15749
   0.15248
   0.03501
  -0.00659
  -0.05923
  -0.06053
  -0.35596
  -0.35137
  -0.31522
  -0.47824
  -0.59778
  -0.65491
  -0.61682
  -0.76769
  -0.67368
  -0.86445
  -0.71567
  -0.63466
  -0.95226
  -0.93793
  -1.02458
  -0.97692
  -0.85016
  -0.93866
  -1.06080
  -1.06308
  -1.27119
  -1.04921
  -0.95636
  -1.02972
  -1.06144
  -0.99644
  -1.12805
  -1.09891
  -0.79876
  -0.89890
  -0.86288
  -0.82900
  -0.88276
  -0.70667
  -0.78225
  -0.75587
  -0.75599
  -0.65834
  -0.50374
  -0.57172
  -0.26495
  -0.45095
  -0.38052
  -0.42472
   0.04158
  -0.09988
   0.06168
   0.05062
  -0.00392
   0.21085
   0.21991
   0.23320
   0.30034
   0.47185
   0.45529
   0.60246
   0.49011
   0.60688
   0.94857
   0.63262
   0.80435
   0.90022
   0.90718
   0.93990
   1.03302
   1.06897
   0.97900
   1.22093
   1.11321
   1.15231
   1.02433
   1.12525
   1.07711
   0.91976
   1.06486
   1.22867
   1.14062
   1.19064
   1.02516
   0.74894
   0.77745
   0.94571
   0.85194
   0.75961
   0.73195
   0.60622
   0.62973
   0.53156
   0.72422
   0.58979
   0.30296
   0.15902
   0.42772
   0.22149
   0.07411
   0.12631
   0.08360
  -0.04271
  -0.15715
  -0.14085
  -0.22860
  -0.28628
  -0.18367
  -0.48759
  -0.53164
  -0.70806
  -0.59928
  -0.69165
  -0.54387
  -0.76727
  -0.81726
  -0.82913
  -0.69044
  -0.82208
  -0.94089
  -0.97750
  -1.04852
  -1.00589
  -1.06865
  -1.10693
  -1.14456
  -0.93330
  -1.11405
  -1.20658
  -0.96930
  -0.96715
  -0.98801
  -1.07201
  -1.08538
  -0.94202
  -0.64573
  -0.92849
  -0.87208
  -0.84978
  -0.84613
  -0.68239
  -0.72104
  -0.54642
  -0.65044
  -0.52567
  -0.34794
  -0.37820
  -0.46120
  -0.19959
  -0.15875
  -0.09212
   0.09460
   0.15851
   0.10662
   0.21369
   0.25522
   0.31058
   0.37034
   0.39883
   0.49268
   0.37320
   0.78193
   0.63352
   0.80175
   0.75443
   0.85857
   0.93866
   0.88214
   0.76875
   0.98889
   1.03514
   1.24201
   0.96935
   0.99696
   0.99515
   0.89310
   1.15048
   0.87520
   0.96108
   1.02475
   1.07946
   0.89796
   1.13652
   0.91941
   0.97672
   1.11591
   0.80841
   0.91911
   0.83947
   0.79847
   0.64025
   0.72757
   0.72455
   0.34805
   0.38466
   0.46664
   0.37484
   0.43064
   0.32902
   0.13562
   0.05271
   0.10490
   0.06745
  -0.09158
  -0.18285
  -0.24087
  -0.46251
  -0.39515
  -0.34671
  -0.28712
  -0.59048
  -0.60772
  -0.65971
  -0.94628
  -0.71318
  -0.82339
  -0.85885
  -0.74120
  -0.89744
  -0.97976
  -1.25279
  -0.98588
  -1.05456
  -0.99540
  -1.13783
  -1.05242
  -1.00517
  -1.19672
  -1.08114
  -1.23794
  -1.13311
  -1.02607
  -1.01318
  -1.18148
  -0.96224
  -0.86964
  -0.88950
  -0.77979
  -0.89759
  -0.83459
  -0.62391
  -0.53508
