   1.11574910
   1.11574910
   1.09384882
   1.07819856
   1.06038696
   1.05481521
   1.05481521
   1.04853338
   1.04853338
   1.04232657
   1.03691265
   1.01460954
   1.01338123
   1.01103186
   1.00903194
   1.00171748
   1.00129911
   0.99826346
   0.99826346
   0.99810855
   0.99643968
   0.99643968
   0.98519858
   0.98064872
   0.96639133
   0.96639133
   0.96196507
   0.96196507
   0.94619433
   0.94619433
   0.92932250
   0.92574563
   0.89432514
   0.89432514
   0.88848399
   0.88848399
   0.81337244
   0.81337244
   0.78356183
   0.78356183
   0.76223910
   0.76223910
   0.75389238
   0.73132640
   0.70960570
   0.70960570
   0.70960570
   0.70960570
   0.70960570
   0.70960570
   0.70960570
   0.00010001
   0.00010001
   0.00010001
   0.06925594
   0.00010001
   0.00010001
   0.00010001
   0.06579805
   0.06579805
   0.06579805
   0.00010001
   0.00010001
   0.15730130
   0.00010001
   0.00010001
   0.00010001
   0.00010001
   0.00010001
   0.00010001
   0.00010001
   0.06338581
   0.00010001
   0.11025616
   0.10642669
   0.09214234
   0.00010001
   0.00010001
   0.35633194
   0.35633194
   0.35633194
   0.00010001
   0.00010001
   0.00010001
   0.00010001
   0.00010001
   0.00010001
   0.00010001
   0.00010001
   0.00010001
   0.11345010
   0.11345010
   0.25709342
   0.00010001
   0.00010001
   0.00010001
   0.62569296
   0.00010001
   0.00010001
   0.07763798
