0.792666666666667
0.792666666666667
0.793
0.792333333333333
0.792666666666667
0.791666666666667
0.789
0.791333333333333
0.790333333333333
0.785
0.787666666666667
0.789
0.787
0.788
0.788333333333333
0.785333333333333
0.787
0.787333333333333
0.786333333333333
0.787333333333333
0.784333333333333
0.786333333333333
0.785666666666667
0.786333333333333
0.787
0.788
0.786333333333333
0.787666666666667
0.783333333333333
0.787333333333333
0.786333333333333
0.787333333333333
0.788333333333333
0.788333333333333
0.788333333333333
0.788
0.787666666666667
0.787
0.786333333333333
0.786666666666667
0.787333333333333
0.789333333333333
0.788
0.79
0.787666666666667
0.787
0.788333333333333
0.787666666666667
0.790333333333333
0.789333333333333
0.789666666666667
0.789666666666667
0.79
0.789333333333333
0.787333333333333
0.790666666666667
0.790666666666667
0.791333333333333
0.79
0.793
0.792
0.791333333333333
0.790666666666667
0.789666666666667
0.789666666666667
0.787666666666667
0.79
0.789666666666667
0.789
0.789666666666667
0.788666666666667
0.785666666666667
0.787
0.788
0.787333333333333
0.784666666666667
0.785666666666667
0.785333333333333
0.784666666666667
0.785666666666667
0.785
0.785333333333333
0.785333333333333
0.784666666666667
0.785333333333333
0.783333333333333
0.783
0.782
0.784333333333333
0.783333333333333
0.783
0.785666666666667
0.787
0.785333333333333
0.784333333333333
0.786
0.786
0.785333333333333
0.786333333333333
0.785666666666667
0.785666666666667
0.786
0.786666666666667
0.784333333333333
0.787
0.784
0.784666666666667
0.784333333333333
0.784333333333333
0.782333333333333
0.783333333333333
0.784666666666667
0.783666666666667
0.786
0.784333333333333
0.79
0.786
0.786
0.785666666666667
0.786333333333333
0.787333333333333
0.788666666666667
0.786666666666667
0.787
0.787333333333333
0.786
0.787
0.784666666666667
0.784666666666667
0.783333333333333
0.782666666666667
0.783
0.783333333333333
0.781333333333333
0.784333333333333
0.784666666666667
0.784666666666667
0.785666666666667
0.782333333333333
0.782333333333333
0.783333333333333
0.784
0.786666666666667
0.786
0.787333333333333
0.787666666666667
0.788666666666667
0.788
0.786333333333333
0.786333333333333
0.787333333333333
0.786333333333333
0.787
0.788333333333333
0.788666666666667
0.789
0.789
0.786666666666667
0.789666666666667
0.785
0.784333333333333
0.780333333333333
0.780666666666667
0.782
0.781666666666667
0.782
0.780333333333333
0.781333333333333
0.782
0.780666666666667
0.783666666666667
0.784
0.781666666666667
0.781333333333333
0.781666666666667
0.785333333333333
0.783
0.782
0.784
0.784666666666667
0.78
0.777
0.776333333333333
0.777
0.775333333333333
0.773
0.779
0.777
0.776333333333333
0.777333333333333
0.773
0.771333333333333
0.77
0.771333333333333
0.766
0.769333333333333
0.769333333333333
0.769333333333333
0.769666666666667
0.771666666666667
0.769333333333333
0.765
0.772666666666667
0.773
0.771
0.769666666666667
0.774
0.774
0.774666666666667
0.773
0.766666666666667
0.764666666666667
0.763333333333333
0.762
0.887
0.889333333333333
0.893
0.893333333333333
0.893333333333333
0.892666666666667
0.892333333333333
0.890666666666667
0.884666666666667
0.883333333333333
0.884666666666667
0.886333333333333
0.885
0.885333333333333
0.892333333333334
0.891666666666667
0.893
0.892666666666667
0.888666666666667
0.885666666666667
0.887
0.884
0.89
0.889
0.886
0.891333333333333
0.888666666666667
0.894
1.05066666666667
1.059
3.32833333333333
2.86033333333333
2.84233333333333
2.86
2.85866666666667
2.841
2.87533333333333
2.88033333333333
3.241
2.866
2.78966666666667
2.88033333333333
3.09166666666667
3.09666666666667
3.19966666666667
3.03366666666667
3.05633333333333
1.78666666666667
1.81333333333333
2.15033333333333
2.98866666666667
3.604
2.65666666666667
4.98833333333333
2.834
2.84966666666667
2.82233333333333
2.829
2.81866666666667
2.83566666666667
2.83933333333333
2.83833333333333
3.817
2.75966666666667
2.88233333333333
3.11133333333333
3.06566666666667
3.29533333333333
4.585
3.09766666666667
3.113
2.323
2.44866666666667
2.18066666666667
3.52633333333333
4.56233333333333
3.85233333333333
1.35733333333333
1.35633333333333
0.872333333333333
0.871
0.879333333333333
0.881333333333333
1.035
1.08966666666667
2.80966666666667
2.833
2.823
2.83333333333333
2.833
2.883
2.87
2.85066666666667
4.056
4.575
3.92866666666667
4.731
3.022
3.07066666666667
3.47733333333333
3.00933333333333
3.09
1.86466666666667
2.156
2.17966666666667
3.448
4.61266666666667
2.55166666666667
4.645
2.83566666666667
2.81233333333333
2.83666666666667
2.80966666666667
3.289
2.82533333333333
2.842
3.66566666666667
2.983
2.85433333333333
2.90333333333333
3.04166666666667
3.04333333333333
3.15133333333333
3.041
3.01966666666667
1.761
2.023
2.07033333333333
3.07033333333333
3.80333333333333
3.87633333333333
3.70766666666667
2.81933333333333
2.87733333333333
2.84
2.84266666666667
2.82466666666667
2.84366666666667
2.873
4.36433333333333
2.816
2.87
2.82933333333333
3.03533333333333
3.032
3.398
3.021
3.056
1.76633333333333
2.11866666666667
2.086
2.93466666666667
4.06966666666667
2.677
1.71
0.857
0.859666666666667
1.01833333333333
1.01766666666667
6.37266666666667
2.77
2.763
2.76866666666667
2.756
2.96133333333333
2.84766666666667
2.824
3.511
2.98233333333333
2.64533333333333
2.93266666666667
3.04033333333333
3.03266666666667
3.11133333333333
3.021
3.02033333333333
1.74566666666667
2.02
2.08533333333333
3.09266666666667
3.83366666666667
3.95066666666667
3.76
2.757
2.75666666666667
2.767
2.75866666666667
2.76233333333333
2.787
2.80566666666667
4.04466666666667
2.75633333333333
2.775
2.76166666666667
2.98733333333333
2.984
3.30433333333333
2.95866666666667
3.02833333333333
1.762
2.12566666666667
2.07666666666667
2.945
4.24166666666667
2.735
3.13633333333333
2.76866666666667
2.75766666666667
2.831
2.75433333333333
2.76633333333333
2.79833333333333
2.781
2.95433333333333
4.84566666666667
2.67766666666667
2.74866666666667
2.98433333333333
2.99133333333333
6.21766666666667
2.93633333333333
2.95833333333333
2.76666666666667
1.80866666666667
5.03233333333333
3.11266666666667
3.898
3.179
3.26333333333333
2.78766666666667
2.80833333333333
2.77766666666667
2.799
2.793
2.81833333333333
2.82433333333333
2.82533333333333
3.78966666666667
2.73466666666667
3.17066666666667
2.96833333333333
3.01633333333333
3.166
4.62533333333333
3.027
3.22233333333333
2.241
2.31233333333333
2.16033333333333
3.52133333333333
5.595
3.54166666666667
6.98566666666667
2.77833333333333
2.778
2.774
2.76833333333333
2.84933333333333
2.80766666666667
2.84566666666667
4.137
3.21833333333333
2.18366666666667
3.01533333333333
3.00833333333333
3.019
3.13866666666667
3.00166666666667
3.004
1.75866666666667
2.06166666666667
2.12333333333333
3.55533333333333
3.76733333333333
3.12733333333333
3.56
2.775
2.76933333333333
2.78
2.74666666666667
2.82533333333333
2.844
2.805
3.979
2.754
2.90266666666667
2.76433333333333
2.962
2.95866666666667
3.293
2.94166666666667
2.92433333333333
1.728
2.278
2.06833333333333
2.92833333333333
4.44366666666667
3.09766666666667
4.003
2.71233333333333
2.72766666666667
2.74233333333333
2.72866666666667
2.73966666666667
2.73866666666667
2.73933333333333
3.18966666666667
2.73666666666667
2.68033333333333
2.76133333333333
2.95966666666667
2.97066666666667
3.14966666666667
2.926
2.94666666666667
1.76233333333333
1.82566666666667
2.117
2.88666666666667
3.59366666666667
2.68966666666667
5.465
2.727
2.714
2.721
2.74966666666667
2.72766666666667
2.76366666666667
2.81833333333333
2.76733333333333
3.907
2.64066666666667
2.75333333333333
2.98566666666667
2.985
3.667
2.94166666666667
2.971
3.22266666666667
1.81133333333333
3.16066666666667
2.64533333333333
3.60533333333333
4.18733333333333
1.959
1.11333333333333
0.86
0.852333333333333
1.00933333333333
1.01433333333333
5.42233333333333
2.76866666666667
2.77066666666667
2.74633333333333
2.74733333333333
2.91633333333333
2.78433333333333
2.77633333333333
3.8
3.03533333333333
1.899
2.93033333333333
3.01733333333333
3.03266666666667
3.079
2.98333333333333
2.99166666666667
1.81766666666667
2.19766666666667
2.12433333333333
3.239
3.82766666666667
3.77166666666667
3.515
2.75966666666667
2.77066666666667
2.76333333333333
2.793
2.755
2.76933333333333
2.81333333333333
4.596
2.75466666666667
2.85733333333333
2.77133333333333
2.99833333333333
2.98833333333333
3.376
2.954
3.07933333333333
1.76
2.18166666666667
2.07133333333333
2.94866666666667
4.36266666666667
2.77466666666667
3.33166666666667
2.70733333333333
2.69033333333333
2.775
2.691
2.69733333333333
2.74466666666667
2.715
2.935
2.77633333333333
2.67566666666667
2.768
2.99733333333333
2.987
4.29633333333333
2.96366666666667
2.989
1.99533333333333
1.77966666666667
2.64966666666667
2.88066666666667
3.66533333333333
2.529
3.76066666666667
1.00433333333333
1.007
1.009
3.42433333333333
2.68366666666667
2.69666666666667
2.693
2.698
2.67866666666667
2.72266666666667
2.74
3.226
2.64666666666667
2.63733333333333
2.67466666666667
2.87266666666667
2.86766666666667
3.06766666666667
2.859
2.89366666666667
1.71
1.77
2.03666666666667
2.83233333333333
3.57233333333333
2.69333333333333
5.25366666666667
2.725
2.699
2.721
2.716
2.728
2.75866666666667
2.727
2.75566666666667
3.74866666666667
2.64733333333333
2.699
2.921
2.914
3.487
2.91033333333333
2.91
2.875
1.73266666666667
2.87766666666667
2.49366666666667
3.662
3.664
3.896
2.76
2.77566666666667
2.75766666666667
2.767
2.82033333333333
2.79833333333333
2.80233333333333
2.85466666666667
4.03366666666667
4.62766666666667
3.321
3.56333333333333
2.95833333333333
2.98766666666667
3.26666666666667
2.94433333333333
2.97066666666667
1.808
2.121
2.14466666666667
3.44333333333333
4.161
3.45233333333333
1.33933333333333
0.853
0.853666666666667
0.856333333333333
1.01166666666667
1.01266666666667
3.988
2.742
2.74
2.83866666666667
2.755
2.766
2.834
2.75733333333333
3.13133333333333
2.789
2.69
2.74033333333333
2.943
2.948
4.286
2.947
2.943
1.72866666666667
1.754
2.82133333333333
2.88266666666667
3.59533333333333
2.43566666666667
4.16233333333333
2.76966666666667
2.79266666666667
2.75033333333333
2.78633333333333
2.77866666666667
2.80166666666667
2.788
2.82
3.61433333333333
2.64833333333333
2.83433333333333
2.906
2.89666666666667
3.11333333333333
4.02133333333333
2.92
3.05
2.204
2.354
2.19966666666667
3.36
4.73366666666667
3.68333333333333
7.00433333333333
2.71
2.70733333333333
2.68666666666667
2.69166666666667
2.71
2.75
2.78
3.9
3.16366666666667
2.06666666666667
2.84466666666667
2.88633333333333
2.883
3.01066666666667
2.86033333333333
2.883
1.683
2.08066666666667
2.03733333333333
3.286
3.626
2.96566666666667
3.00233333333333
2.65766666666667
2.66833333333333
2.66633333333333
2.655
2.68466666666667
2.71666666666667
2.68033333333333
3.91666666666667
2.653
2.741
2.65633333333333
2.86866666666667
2.895
3.261
2.90366666666667
2.90266666666667
1.69333333333333
2.39833333333333
2.01866666666667
2.912
3.53533333333333
3.44766666666667
3.063
2.71533333333333
2.71766666666667
2.786
2.738
2.752
2.729
2.73766666666667
3.16833333333333
2.701
2.67533333333333
2.72466666666667
2.92933333333333
2.91433333333333
3.05033333333333
2.92
2.942
1.707
1.78333333333333
2.07433333333333
2.83966666666667
3.64566666666667
2.62266666666667
5.36233333333333
2.72533333333333
2.738
2.719
2.77933333333333
2.71833333333333
2.73233333333333
2.74133333333333
2.763
3.64833333333333
2.65366666666667
2.70166666666667
3.157
2.99966666666667
3.33733333333333
3.03833333333333
2.99266666666667
3.05
2.67266666666667
2.49266666666667
2.13966666666667
3.55033333333333
2.82266666666667
4.677
1.27433333333333
0.889333333333333
1.029
1.17333333333333
2.814
2.822
2.80233333333333
2.812
2.81833333333333
2.83566666666667
2.85866666666667
2.86366666666667
3.76033333333333
2.705
2.99333333333333
3.061
2.96733333333333
3.101
4.236
2.96833333333333
3.11133333333333
2.303
2.27833333333333
2.169
3.40066666666667
4.235
3.72366666666667
5.619
2.74133333333333
2.75166666666667
2.73066666666667
2.73
2.74766666666667
2.779
2.80633333333333
3.73833333333333
3.38933333333333
2.52666666666667
3.06566666666667
2.93866666666667
2.94766666666667
3.052
2.91166666666667
2.941
1.725
2.05533333333333
2.09833333333333
3.39333333333333
3.86433333333333
3.691
3.852
2.741
2.752
2.74866666666667
2.72666666666667
2.805
2.79933333333333
2.79633333333333
3.67333333333333
2.72533333333333
2.665
2.735
2.92166666666667
2.97366666666667
3.194
2.96266666666667
2.95633333333333
1.71566666666667
2.56133333333333
2.02333333333333
2.96166666666667
3.68666666666667
3.94066666666667
3.293
2.78533333333333
2.78366666666667
2.79966666666667
2.78066666666667
2.79233333333333
2.824
2.84366666666667
3.43133333333333
2.80566666666667
2.74966666666667
2.79533333333333
3
2.99866666666667
3.26033333333333
2.95966666666667
2.99466666666667
1.744
1.833
2.06
2.89366666666667
3.61166666666667
2.70066666666667
5.39166666666667
2.78766666666667
2.766
2.77566666666667
2.80666666666667
2.73533333333333
2.80133333333333
2.79033333333333
2.786
3.85433333333333
2.70233333333333
2.76233333333333
2.95766666666667
2.946
3.46766666666667
2.92833333333333
2.939
3.17166666666667
1.737
2.93633333333333
2.57733333333333
3.50433333333333
3.785
3.71866666666667
2.74533333333333
2.73066666666667
2.73166666666667
2.72833333333333
2.75266666666667
2.757
2.768
2.82
4.031
4.76033333333333
2.878
3.49133333333333
2.946
2.96766666666667
3.224
2.934
2.97866666666667
1.76866666666667
2.07166666666667
2.10233333333333
3.39033333333333
4.039
3.428
6.185
2.71866666666667
2.732
2.72733333333333
2.71066666666667
2.83766666666667
2.73433333333333
2.753
3.54866666666667
2.73966666666667
2.66533333333333
2.73333333333333
2.90133333333333
2.91066666666667
3.07733333333333
2.936
2.90733333333333
1.70933333333333
3.36866666666667
2.01866666666667
2.99833333333333
3.73633333333333
3.792
2.09933333333333
1.294
0.837666666666667
0.847333333333333
0.998666666666666
1.071
2.72566666666667
2.724
2.68333333333333
2.70033333333333
2.70066666666667
2.755
2.783
2.75533333333333
3.80466666666667
2.786
2.90066666666667
5.731
2.962
3.05
3.73466666666667
2.97366666666667
3.04233333333333
1.86333333333333
2.208
2.11533333333333
3.44633333333333
5.19366666666667
2.894
5.738
2.802
2.80266666666667
2.785
2.77133333333333
2.81333333333333
2.832
2.822
3.80133333333333
3.10633333333333
2.014
2.93033333333333
2.99166666666667
2.99066666666667
3.07333333333333
2.979
2.969
1.73966666666667
2.12766666666667
2.06933333333333
3.26933333333333
3.78433333333333
3.46933333333333
3.17266666666667
2.758
2.76666666666667
2.765
2.74566666666667
2.75833333333333
2.79866666666667
2.771
3.86066666666667
2.737
2.89666666666667
2.76366666666667
2.96066666666667
2.95166666666667
3.45333333333333
2.95433333333333
2.94166666666667
1.70966666666667
2.29033333333333
2.028
2.90366666666667
4.15966666666667
3.02666666666667
3.53066666666667
2.69
2.73
2.779
2.72566666666667
2.724
2.736
2.69366666666667
2.92566666666667
2.66366666666667
2.61766666666667
2.67866666666667
2.87266666666667
2.88433333333333
2.96733333333333
2.891
2.89333333333333
1.71133333333333
1.79833333333333
2.09966666666667
2.85966666666667
3.442
2.474
4.51266666666667
0.842666666666667
0.842
0.842333333333333
0.842666666666667
0.997
1
6.03333333333333
2.72666666666667
2.702
2.725
2.70766666666667
3.12866666666667
2.79933333333333
2.75433333333333
3.41833333333333
2.88433333333333
2.32166666666667
2.786
2.93333333333333
2.92066666666667
3.45233333333333
2.91933333333333
2.91466666666667
1.71633333333333
2.744
2.037
2.954
3.72833333333333
4.05066666666667
4.00666666666667
2.70733333333333
2.76333333333333
2.73366666666667
2.744
2.72633333333333
2.764
2.79066666666667
4.00866666666667
2.748
2.83433333333333
2.78933333333333
2.99033333333333
2.99133333333333
3.452
2.968
3.05233333333333
1.72933333333333
2.1
2.04266666666667
2.94266666666667
3.909
2.737
2.982
2.79833333333333
2.75733333333333
2.81433333333333
2.77766666666667
2.77433333333333
2.82233333333333
2.798
3.025
3.284
2.72433333333333
2.784
2.979
2.98433333333333
6.04866666666667
2.95533333333333
2.977
1.85766666666667
1.76533333333333
2.78
2.93433333333333
3.68966666666667
2.53533333333333
4.096
2.78866666666667
2.78833333333333
2.78933333333333
2.80466666666667
2.78866666666667
2.81133333333333
2.836
2.837
3.62866666666667
2.72833333333333
2.904
3.12966666666667
3.01033333333333
3.238
4.22
3.01533333333333
2.96133333333333
2.33766666666667
2.37066666666667
2.173
3.51633333333333
3.45833333333333
4.03833333333333
2.76066666666667
2.788
2.77633333333333
2.74966666666667
2.718
2.72933333333333
2.75033333333333
2.763
3.95066666666667
3.52333333333333
2.38633333333333
3.00066666666667
2.93166666666667
2.96266666666667
3.11933333333333
2.92166666666667
2.942
1.76133333333333
2.04866666666667
2.14466666666667
3.40766666666667
3.849
3.39133333333333
3.726
2.73666666666667
2.72466666666667
2.72033333333333
2.69833333333333
2.77333333333333
2.801
2.75833333333333
3.98566666666667
2.739
2.64633333333333
2.74833333333333
2.95133333333333
2.946
3.542
2.91266666666667
2.937
1.742
2.48966666666667
2.062
2.91933333333333
3.57866666666667
3.49566666666667
3.235
2.68933333333333
2.69266666666667
2.71433333333333
2.71633333333333
2.70033333333333
2.73933333333333
2.71433333333333
3.21666666666667
2.73366666666667
2.71466666666667
2.78366666666667
2.98533333333333
2.99233333333333
3.259
2.96833333333333
3.01066666666667
1.79433333333333
1.82266666666667
2.11
2.90733333333333
3.613
2.75933333333333
5.24033333333333
0.843
0.848
0.849666666666666
1.00333333333333
1.04833333333333
2.75333333333333
2.74333333333333
2.73266666666667
2.746
2.75366666666667
2.78433333333333
2.806
2.78333333333333
4.07766666666667
4.75133333333333
3.23066666666667
4.62366666666667
2.96633333333333
3.021
3.62466666666667
2.961
3.045
1.89266666666667
2.11566666666667
2.20133333333333
3.43933333333333
4.72866666666667
2.67733333333333
4.958
2.739
2.75066666666667
2.72633333333333
2.73333333333333
2.98266666666667
2.748
2.77333333333333
3.69533333333333
2.94166666666667
1.82933333333333
2.88066666666667
2.963
2.96933333333333
3.05333333333333
2.96166666666667
2.966
1.79
2.18833333333333
2.09766666666667
3.178
3.81466666666667
3.78066666666667
3.52433333333333
2.72866666666667
2.748
2.75733333333333
2.77666666666667
2.716
2.73066666666667
2.726
4.67766666666667
2.71666666666667
2.66766666666667
2.724
2.926
2.935
3.25433333333333
2.911
2.91166666666667
1.729
2.26266666666667
2.04566666666667
2.90733333333333
4.61566666666667
2.85
3.38833333333333
2.68966666666667
2.68666666666667
2.76566666666667
2.715
2.711
2.732
2.739
3.04366666666667
2.71966666666667
2.639
2.742
2.94766666666667
2.948
3.07466666666667
2.92133333333333
2.94
1.75166666666667
1.78233333333333
2.089
2.884
3.52333333333333
2.654
5.01933333333333
2.70733333333333
2.736
2.69966666666667
2.75266666666667
2.72833333333333
2.71466666666667
2.74033333333333
2.76266666666667
3.68666666666667
2.69033333333333
2.79
3.00866666666667
3.01766666666667
3.42133333333333
3
2.977
3.26466666666667
1.81033333333333
2.612
2.263
3.638
3.33066666666667
5.90766666666667
2.76
2.769
2.795
2.758
2.795
2.82666666666667
2.8
2.83566666666667
3.87933333333333
4.258
3.21166666666667
3.58966666666667
2.99933333333333
3.05466666666667
3.27133333333333
2.967
3.018
1.83666666666667
2.10533333333333
2.19133333333333
3.43866666666667
4.239
3.497
6.36366666666667
2.79433333333333
2.74066666666667
2.75566666666667
2.73466666666667
2.88466666666667
2.78733333333333
2.78666666666667
3.867
2.88333333333333
2.586
2.799
2.96366666666667
2.96833333333333
3.33866666666667
2.96033333333333
2.953
1.74433333333333
4.802
2.06733333333333
3.039
3.737
4.25066666666667
4.096
2.73166666666667
2.746
2.74233333333333
2.729
2.72433333333333
2.74466666666667
2.757
3.52466666666667
2.65633333333333
2.64866666666667
2.68666666666667
2.89033333333333
2.884
3.20133333333333
2.863
2.919
1.70433333333333
2.064
2.03466666666667
2.87833333333333
3.886
2.73933333333333
2.68233333333333
2.674
2.67733333333333
2.72866666666667
2.69866666666667
2.68666666666667
2.71366666666667
2.71766666666667
2.87066666666667
4.63066666666667
2.62133333333333
2.72
2.945
2.934
6.21333333333333
2.88266666666667
2.886
1.917
1.75333333333333
2.53133333333333
2.87266666666667
3.637
2.87233333333333
3.24
2.71133333333333
2.71766666666667
2.69266666666667
2.70033333333333
2.69766666666667
2.72166666666667
2.733
2.756
3.759
2.64266666666667
3.39466666666667
3.57666666666667
2.94066666666667
3.151
3.875
3.01233333333333
3.10266666666667
2.00133333333333
2.324
2.07633333333333
3.51066666666667
6.31233333333333
3.392
6.02366666666667
2.76533333333333
2.75833333333333
2.73133333333333
2.749
2.76933333333333
2.80333333333333
2.84433333333333
4.066
3.141
2.02566666666667
2.97733333333333
3.038
3.05166666666667
3.14266666666667
3.03
3.03066666666667
1.80133333333333
2.198
2.15066666666667
3.26766666666667
3.835
3.35533333333333
4.873
0.858666666666667
0.858666666666667
0.857666666666667
0.852333333333333
0.852
1.01766666666667
1.01066666666667
4.59066666666667
2.755
2.79966666666667
2.78933333333333
2.78966666666667
2.76966666666667
2.798
2.81566666666667
3.28366666666667
2.77366666666667
2.72566666666667
2.779
3.00266666666667
3.00766666666667
3.21466666666667
2.979
3.09433333333333
1.787
1.967
2.091
2.94
3.77666666666667
3.07933333333333
5.60666666666667
2.777
2.756
2.77933333333333
2.75433333333333
2.77166666666667
2.81866666666667
2.80766666666667
2.89933333333333
3.82833333333333
2.64133333333333
2.699
2.89933333333333
2.92566666666667
4.464
2.90966666666667
2.90566666666667
3.28766666666667
1.73033333333333
4.21533333333333
3.35766666666667
4.16566666666667
4.54633333333333
2.59466666666667
1.03833333333333
1.04066666666667
1.02933333333333
3.795
2.73166666666667
2.73733333333333
2.81666666666667
2.75233333333333
2.777
2.84033333333333
2.768
3.044
2.724
2.67166666666667
2.73033333333333
2.93033333333333
2.94233333333333
3.09
2.91433333333333
2.92633333333333
1.706
1.75833333333333
2.057
2.85833333333333
3.525
2.56633333333333
5.52033333333333
2.75933333333333
2.76933333333333
2.77966666666667
2.807
2.763
2.77433333333333
2.87366666666667
2.846
3.698
2.74066666666667
2.796
2.99
2.99533333333333
3.41666666666667
3.06166666666667
2.97533333333333
3.242
1.80766666666667
2.69033333333333
2.219
3.58933333333333
3.36633333333333
5.90433333333333
2.76233333333333
2.79766666666667
2.82333333333333
2.78
2.80666666666667
2.83933333333333
2.79266666666667
2.84033333333333
3.859
4.357
3.293
3.56366666666667
2.97
2.981
3.233
2.996
3.02
1.74933333333333
2.05833333333333
2.11666666666667
3.40633333333333
4.10166666666667
3.393
5.419
2.80466666666667
2.793
2.80666666666667
2.805
2.949
2.83
2.87566666666667
3.70633333333333
2.87933333333333
2.702
2.84533333333333
3.018
3.02666666666667
3.26866666666667
3.005
2.98433333333333
1.75333333333333
3.716
2.04
3.111
3.76466666666667
3.57066666666667
4.28733333333333
2.75533333333333
2.74833333333333
2.73466666666667
2.74433333333333
2.73966666666667
2.76666666666667
2.80066666666667
3.25066666666667
2.72733333333333
2.68833333333333
2.72933333333333
2.927
2.931
3.08533333333333
2.91333333333333
2.958
1.694
1.83133333333333
2.02
2.85066666666667
3.55866666666667
2.847
4.95933333333333
2.75233333333333
2.73633333333333
2.75233333333333
2.74
2.74566666666667
2.78833333333333
2.75
2.806
3.79766666666667
2.68366666666667
2.73133333333333
2.945
2.932
3.75866666666667
2.889
2.91333333333333
3.18933333333333
1.77066666666667
3.049
2.52366666666667
3.63933333333333
4.17366666666667
2.01366666666667
1.055
0.849666666666667
0.852333333333333
0.850666666666667
0.849333333333333
0.851666666666667
0.856
0.851333333333333
0.863333333333333
0.859
0.864666666666667
0.861333333333333
0.855666666666667
1.035
1.04233333333333
6.15333333333333
2.876
2.847
2.85366666666667
2.82333333333333
2.922
2.856
2.84833333333333
3.643
2.86866666666667
2.71866666666667
2.844
2.99966666666667
3.01333333333333
3.31366666666667
3.01033333333333
3.01233333333333
1.76466666666667
5.057
2.06466666666667
3.122
3.81666666666667
3.653
4.10033333333333
2.80366666666667
2.84333333333333
2.83233333333333
2.83433333333333
2.813
2.862
2.85533333333333
3.27933333333333
2.78133333333333
2.81133333333333
2.81866666666667
3.013
3.00833333333333
3.213
2.991
3.029
1.74566666666667
1.949
2.048
2.94733333333333
3.794
2.87033333333333
3.89133333333333
2.848
2.82633333333333
2.86466666666667
2.84466666666667
2.83533333333333
2.88033333333333
2.87533333333333
2.96766666666667
4.18133333333333
2.78233333333333
2.84133333333333
3.031
3.02733333333333
4.288
2.998
2.96066666666667
3.37766666666667
1.73566666666667
3.44766666666667
3.021
3.73633333333333
4.91933333333333
2.15633333333333
2.78
2.77666666666667
2.76666666666667
2.76466666666667
2.78
2.79566666666667
2.78933333333333
2.868
3.68433333333333
5.25233333333333
3.62533333333333
3.87433333333333
2.95066666666667
2.98
3.335
2.94233333333333
2.98766666666667
1.795
2.08833333333333
2.137
3.36966666666667
4.19833333333333
2.92766666666667
6.89766666666667
2.773
2.76366666666667
2.74066666666667
2.74666666666667
2.93566666666667
2.783
2.79666666666667
3.74266666666667
2.83133333333333
2.674
2.794
2.97233333333333
2.981
3.2
2.99533333333333
2.987
1.742
4.097
2.05066666666667
3.13766666666667
3.798
3.55766666666667
4.46066666666667
2.811
2.83233333333333
2.825
2.84
2.80733333333333
2.85733333333333
2.87933333333333
3.266
2.80066666666667
2.789
2.809
3.00633333333333
3.01166666666667
3.21233333333333
3.00266666666667
3.089
1.762
1.91466666666667
2.08766666666667
2.94333333333333
3.71166666666667
2.91833333333333
4.492
0.847666666666667
0.859
1.01466666666667
1.02733333333333
5.14333333333333
2.822
2.80733333333333
2.82
2.8
2.89433333333333
2.85766666666667
2.865
3.95566666666667
2.821
2.71
2.828
3.01266666666667
3.01166666666667
3.08966666666667
3.02333333333333
3.01233333333333
1.754
3.432
2.061
3.09533333333333
3.77466666666667
3.994
4.03866666666667
2.81366666666667
2.815
2.817
2.82733333333333
2.80666666666667
2.86233333333333
2.87266666666667
3.26033333333333
2.79766666666667
2.77433333333333
2.79733333333333
2.99066666666667
2.97966666666667
3.15533333333333
2.94766666666667
3.01233333333333
1.73933333333333
1.876
2.04766666666667
2.913
3.66566666666667
2.774
4.95433333333333
2.806
2.73866666666667
2.75733333333333
2.76266666666667
2.769
2.81666666666667
2.77966666666667
2.813
4.09566666666667
2.704
2.76433333333333
2.942
2.94766666666667
3.749
2.93766666666667
2.94533333333333
2.90633333333333
1.72033333333333
3.044
2.82266666666667
3.596
3.932
2.04566666666667
2.78633333333333
2.79266666666667
2.77366666666667
2.773
2.813
2.787
2.78333333333333
2.83866666666667
3.726
5.332
3.55333333333333
3.92966666666667
2.95766666666667
2.991
3.349
2.93133333333333
2.967
1.82666666666667
2.078
2.118
3.35366666666667
4.31366666666667
2.84033333333333
6.52566666666667
2.81233333333333
2.80166666666667
2.80866666666667
2.786
3.10533333333333
2.891
2.819
3.50866666666667
2.986
2.649
2.86133333333333
2.99433333333333
2.98666666666667
3.824
2.95433333333333
2.97633333333333
1.734
2.745
2.04366666666667
3.012
3.79266666666667
4.05433333333333
3.89933333333333
2.79633333333333
2.849
2.80966666666667
2.81533333333333
2.79266666666667
2.82233333333333
2.864
4.369
2.77666666666667
2.88766666666667
2.79366666666667
2.988
2.99033333333333
3.39833333333333
2.98666666666667
3.09466666666667
1.73166666666667
2.20666666666667
2.03933333333333
2.96
4.04166666666667
2.743
3.01166666666667
2.832
2.797
2.92533333333333
2.80166666666667
2.82266666666667
2.88666666666667
2.827
3.04266666666667
2.782
2.746
2.77633333333333
2.96366666666667
2.94933333333333
3.05333333333333
2.94633333333333
2.97433333333333
1.731
1.744
2.07066666666667
2.838
3.59333333333333
2.54033333333333
4.101
2.733
2.75266666666667
2.73366666666667
2.75466666666667
2.742
2.767
2.78833333333333
2.73866666666667
3.60733333333333
2.65133333333333
2.70733333333333
3.11566666666667
2.92933333333333
3.20666666666667
3.37933333333333
2.98666666666667
2.98333333333333
2.22533333333333
2.36
2.33433333333333
3.43566666666667
2.70433333333333
4.52533333333333
2.72666666666667
2.75666666666667
2.758
2.749
2.76433333333333
2.783
2.791
2.79333333333333
3.999
3.605
2.62166666666667
3.07166666666667
2.94266666666667
2.966
3.11333333333333
2.92066666666667
2.94133333333333
1.737
2.05166666666667
2.134
3.35566666666667
3.84933333333333
3.59133333333333
3.59733333333333
2.788
2.80366666666667
2.81033333333333
2.78333333333333
2.83833333333333
2.85466666666667
2.838
3.89233333333333
2.79366666666667
2.645
2.814
3.011
3.02333333333333
3.15366666666667
3.026
3.00866666666667
1.77066666666667
2.67866666666667
2.086
3.026
3.64766666666667
3.91966666666667
1.91933333333333
1.01933333333333
1.02266666666667
3.25566666666667
2.83866666666667
2.81533333333333
2.811
2.809
2.81966666666667
2.83566666666667
2.83266666666667
2.99566666666667
4.56566666666667
2.74633333333333
2.79066666666667
2.99666666666667
3.00166666666667
5.97733333333333
2.982
2.987
2.85366666666667
1.768
2.921
3.034
3.66066666666667
2.68833333333333
3.02066666666667
2.78866666666667
2.78966666666667
2.77166666666667
2.78366666666667
2.77
2.79866666666667
2.78133333333333
2.77133333333333
3.848
2.725
3.14533333333333
3.624
2.93733333333333
3.08766666666667
3.95166666666667
2.95766666666667
3.07933333333333
2.096
2.18033333333333
2.19533333333333
3.42233333333333
6.13033333333333
3.28066666666667
6.262
2.72133333333333
2.70533333333333
2.70433333333333
2.71
2.736
2.759
2.77233333333333
3.93566666666667
3.08266666666667
1.96066666666667
2.87433333333333
2.96733333333333
2.97
3.085
2.93566666666667
2.94733333333333
1.75966666666667
2.18233333333333
2.083
3.158
3.75
3.49166666666667
3.34766666666667
2.729
2.74533333333333
2.75133333333333
2.754
2.746
2.76833333333333
2.83633333333333
4.50166666666667
2.753
2.83
2.761
2.96633333333333
2.97233333333333
3.24066666666667
2.96033333333333
2.969
1.76166666666667
2.21133333333333
2.081
2.93633333333333
4.423
2.79133333333333
3.189
2.75
2.74566666666667
2.853
2.783
2.784
2.82366666666667
2.797
3.045
2.81633333333333
2.716
2.80633333333333
2.99066666666667
3.00033333333333
4.437
2.98533333333333
2.98733333333333
1.86633333333333
1.82266666666667
2.567
2.961
3.706
2.37766666666667
3.59033333333333
2.783
2.79566666666667
2.76866666666667
2.78633333333333
2.778
2.79933333333333
2.81966666666667
2.833
3.606
2.71233333333333
3.69766666666667
2.95366666666667
2.995
3.201
4.53466666666667
3.03266666666667
3.12233333333333
2.19533333333333
2.322
2.12133333333333
3.48233333333333
5.54
3.63833333333333
6.905
2.80466666666667
2.80766666666667
2.773
2.79666666666667
2.824
2.827
2.84166666666667
3.96733333333333
3.21833333333333
2.159
2.92366666666667
2.96266666666667
2.95966666666667
3.07566666666667
2.944
2.94766666666667
1.71633333333333
2.22633333333333
2.08766666666667
3.27766666666667
3.76666666666667
3.21333333333333
2.99266666666667
2.725
2.753
2.756
2.73866666666667
2.767
2.79866666666667
2.762
3.898
2.75433333333333
2.80566666666667
2.78033333333333
2.99233333333333
2.96166666666667
3.295
2.963
2.97666666666667
1.736
2.35966666666667
2.073
2.954
4.88733333333333
3.142
1.83366666666667
0.851666666666667
0.838333333333333
0.837333333333333
0.848
1.002
1.015
2.718
2.75033333333333
2.739
2.71333333333333
2.75133333333333
2.8
2.78166666666667
2.80433333333333
3.863
4.33833333333333
2.82433333333333
3.437
3.00066666666667
3.02666666666667
3.23866666666667
2.972
2.99866666666667
1.82233333333333
2.14
2.17033333333333
3.50133333333333
4.008
3.29133333333333
4.81066666666667
2.782
2.749
2.75933333333333
2.71133333333333
2.83366666666667
2.771
2.78466666666667
3.673
2.80033333333333
2.54133333333333
2.757
2.94133333333333
2.94366666666667
3.20133333333333
2.94333333333333
2.94333333333333
1.75566666666667
4.29966666666667
2.067
3.04966666666667
3.68433333333333
3.46533333333333
4.37966666666667
2.68533333333333
2.705
2.69166666666667
2.70933333333333
2.70066666666667
2.739
2.75466666666667
3.17466666666667
2.708
2.716
2.74833333333333
2.957
2.94966666666667
3.11733333333333
2.928
2.966
1.75133333333333
1.92733333333333
2.08066666666667
2.91566666666667
3.67433333333333
3.04766666666667
3.874
2.73566666666667
2.71033333333333
2.772
2.74466666666667
2.747
2.78733333333333
2.76666666666667
2.884
3.91466666666667
2.66133333333333
2.739
3.007
3.00866666666667
4.70433333333333
2.97333333333333
2.974
2.90633333333333
1.81833333333333
4.23633333333333
3.01033333333333
3.87533333333333
4.68433333333333
2.33166666666667
2.78633333333333
2.781
2.754
2.754
2.75
2.79833333333333
2.79966666666667
2.76766666666667
3.856
3.63733333333333
3.14933333333333
4.71333333333333
2.95266666666667
3.029
3.734
2.96066666666667
3.061
1.95266666666667
2.181
2.243
3.38866666666667
4.925
2.73
5.06466666666667
2.76633333333333
2.77666666666667
2.752
2.763
3.392
2.77933333333333
2.78066666666667
3.72333333333333
3.05333333333333
1.876
2.923
3.018
3.01633333333333
3.105
2.97266666666667
2.97033333333333
1.772
2.25166666666667
2.102
3.213
3.75466666666667
3.64633333333333
3.82166666666667
0.858666666666667
0.842666666666667
0.837
0.838
0.995
0.994
3.71566666666667
2.713
2.72566666666667
2.71933333333333
2.722
2.729
2.74233333333333
2.77133333333333
4.239
2.72166666666667
2.707
2.74766666666667
2.95466666666667
2.96466666666667
3.25966666666667
2.94833333333333
2.98933333333333
1.75933333333333
2.14033333333333
2.093
2.92466666666667
3.93733333333333
2.748
2.50966666666667
2.71266666666667
2.687
2.77166666666667
2.72233333333333
2.726
2.732
2.72566666666667
2.91733333333333
4.85333333333333
2.631
2.71633333333333
2.94233333333333
2.95666666666667
5.74566666666667
2.92133333333333
2.95
2.73166666666667
1.77733333333333
4.97566666666667
2.99633333333333
4.50166666666667
3.30533333333333
2.77033333333333
2.742
2.74033333333333
2.726
2.734
2.73433333333333
2.755
2.792
2.76533333333333
3.83133333333333
2.65833333333333
3.31
4.781
2.98666666666667
3.11066666666667
4.05666666666667
2.98233333333333
3.087
2.14366666666667
2.231
2.262
3.47533333333333
5.96466666666667
3.266
6.21533333333333
2.76933333333333
2.77666666666667
2.75233333333333
2.76
2.791
2.81333333333333
2.83066666666667
3.86333333333333
3.13266666666667
2.03066666666667
2.94733333333333
3.015
3.026
3.12
3.037
3.03333333333333
1.79133333333333
2.15666666666667
2.112
3.26166666666667
3.82766666666667
3.51766666666667
3.39566666666667
2.80533333333333
2.812
2.80066666666667
2.784
2.81233333333333
2.83133333333333
2.82633333333333
3.68233333333333
2.82766666666667
2.84666666666667
2.81766666666667
3.028
3.03233333333333
3.446
3.01566666666667
3.01833333333333
1.78166666666667
2.549
2.09833333333333
3.00466666666667
4.387
2.84166666666667
2.16366666666667
0.849333333333333
0.879666666666667
1.00166666666667
1.165
1.03
1.027
2.10533333333333
2.78366666666667
2.782
2.75766666666667
2.76966666666667
2.78266666666667
2.819
2.814
2.79033333333333
3.85833333333333
2.72733333333333
3.25433333333333
4.59666666666667
2.953
3.016
3.69666666666667
2.937
3.02966666666667
1.91533333333333
2.09966666666667
2.146
3.35833333333333
4.587
2.533
0.853
0.832333333333333
0.828333333333333
0.827
0.83
0.828333333333333
0.829
0.831666666666667
0.834
0.832333333333333
0.833333333333333
0.832666666666667
0.838
0.841666666666667
0.837
0.842333333333333
0.84
0.837
0.840666666666667
0.835666666666667
0.842666666666667
0.843333333333333
0.844333333333333
0.843
0.842333333333333
0.845333333333333
0.84
0.844333333333333
0.847
0.844666666666667
0.862333333333333
0.878666666666667
1.507
1.20466666666667
2.78166666666667
2.806
2.77733333333333
2.81133333333333
2.79733333333333
2.83133333333333
2.82966666666667
2.85566666666667
3.68566666666667
2.75566666666667
2.873
3.04133333333333
2.98633333333333
3.20533333333333
4.83166666666667
2.995
3.216
2.447
2.335
2.24466666666667
3.45966666666667
4.30266666666667
3.73133333333333
6.70966666666667
2.77733333333333
2.78433333333333
2.772
2.77966666666667
2.74833333333333
2.81933333333333
2.836
3.85333333333333
3.314
2.40466666666667
2.99733333333333
2.97133333333333
2.975
3.09333333333333
2.97466666666667
2.983
1.738
2.068
2.11766666666667
3.40033333333333
3.82866666666667
3.15866666666667
1.02566666666667
1.67633333333333
2.79566666666667
2.76666666666667
2.79666666666667
2.79733333333333
2.79866666666667
2.85766666666667
2.81533333333333
2.84466666666667
3.86633333333333
2.72533333333333
2.77733333333333
2.97566666666667
2.98133333333333
3.734
2.973
2.99833333333333
3.30666666666667
1.726
3.09666666666667
2.751
3.59
4.21133333333333
2.00033333333333
2.77833333333333
2.779
2.74833333333333
2.748
2.78033333333333
2.77766666666667
2.78466666666667
2.81966666666667
3.884
4.92433333333333
3.34233333333333
3.49333333333333
2.95133333333333
2.992
3.269
2.951
2.98333333333333
1.78533333333333
2.11833333333333
2.119
3.44566666666667
4.07266666666667
3.06533333333333
6.02466666666667
2.764
2.76333333333333
2.75333333333333
2.73933333333333
2.90633333333333
2.801
2.78
3.75766666666667
2.791
2.648
2.763
2.94266666666667
2.926
3.26466666666667
2.91333333333333
2.917
1.708
3.711
2.03533333333333
3.05766666666667
3.757
3.72666666666667
4.39533333333333
2.77266666666667
2.767
2.77733333333333
2.77
2.771
2.81466666666667
2.826
3.32766666666667
2.75333333333333
2.75566666666667
2.74933333333333
2.95366666666667
2.949
3.163
2.941
3.05266666666667
1.72
1.963
2.07633333333333
2.92266666666667
3.72433333333333
3.05833333333333
5.24733333333333
2.79833333333333
2.778
2.798
2.79866666666667
2.80333333333333
2.86766666666667
2.85033333333333
2.934
4.21166666666667
2.74733333333333
2.81066666666667
3.006
3.01266666666667
4.231
2.991
3.00066666666667
3.12966666666667
1.79933333333333
3.70366666666667
3.10033333333333
3.80733333333333
5.18133333333333
2.24866666666667
1.03033333333333
1.02933333333333
4.29433333333333
2.82766666666667
2.801
2.87933333333333
2.78966666666667
2.82066666666667
2.85533333333333
2.82666666666667
2.942
4.539
2.749
2.80166666666667
3.021
3.00666666666667
5.56466666666667
2.96033333333333
2.991
2.63433333333333
1.80866666666667
4.86733333333333
2.96766666666667
3.979
4.04033333333333
2.872
2.751
2.761
2.73966666666667
2.75033333333333
2.77233333333333
2.81633333333333
2.83166666666667
2.80866666666667
3.76866666666667
2.85533333333333
3.23066666666667
5.55166666666667
2.97
3.08133333333333
3.62833333333333
2.98
3.06066666666667
1.85133333333333
2.155
2.133
3.40266666666667
5.32033333333333
2.836
5.03266666666667
2.774
2.77733333333333
2.75233333333333
2.753
3.31466666666667
2.78733333333333
2.78433333333333
3.661
2.998
2.164
2.86366666666667
2.96633333333333
2.96433333333333
3.03033333333333
2.95966666666667
2.957
1.71733333333333
2.08433333333333
2.08133333333333
3.133
3.764
3.85133333333333
3.73566666666667
2.82466666666667
2.843
2.83233333333333
2.83633333333333
2.811
2.82766666666667
2.86433333333333
4.20666666666667
2.78333333333333
2.83233333333333
2.796
3.00133333333333
2.97933333333333
3.44233333333333
2.99
3.11233333333333
1.74633333333333
2.14933333333333
2.06766666666667
2.931
4.35533333333333
2.74433333333333
2.79533333333333
2.80833333333333
2.778
2.862
2.804
2.81033333333333
2.871
2.85166666666667
3.03866666666667
4.74766666666667
2.75633333333333
2.79733333333333
3.028
3.028
6.00533333333333
2.99133333333333
3.01133333333333
3.04033333333333
1.76733333333333
5.021
3.008
4.42066666666667
2.66166666666667
2.87266666666667
2.756
2.771
2.73133333333333
2.74
2.74433333333333
2.77766666666667
2.796
2.784
3.76466666666667
2.75066666666667
3.38266666666667
4.69866666666667
2.93066666666667
3.06066666666667
3.92766666666667
2.935
3.00833333333333
1.929
2.18866666666667
2.01066666666667
3.35033333333333
5.74666666666667
3.05666666666667
6.01733333333333
2.67033333333333
2.67033333333333
2.65233333333333
2.646
2.68566666666667
2.69266666666667
2.705
3.92133333333333
3.05866666666667
2.131
2.86966666666667
2.84433333333333
2.86666666666667
2.99466666666667
2.86166666666667
2.88133333333333
1.67
2.02666666666667
2.088
3.238
3.667
2.929
0.821666666666667
0.82
0.967666666666667
0.972333333333333
3.216
2.649
2.655
2.652
2.63566666666667
2.64133333333333
2.70366666666667
2.67433333333333
3.824
2.637
2.575
2.63966666666667
2.82
2.835
3.291
2.81766666666667
2.826
1.64666666666667
2.39133333333333
2.00366666666667
2.81166666666667
3.84733333333333
3.152
3.64933333333333
2.633
2.62766666666667
2.64766666666667
2.646
2.707
2.72733333333333
2.72666666666667
3.04366666666667
2.67933333333333
2.65066666666667
2.68666666666667
2.90966666666667
2.91233333333333
3.13833333333333
2.90666666666667
2.92966666666667
1.69666666666667
1.73266666666667
2.08266666666667
2.84233333333333
3.528
2.60433333333333
5.17166666666667
2.71666666666667
2.73166666666667
2.69066666666667
2.726
2.71066666666667
2.72533333333333
2.783
2.75033333333333
3.68466666666667
2.62833333333333
2.672
3.03666666666667
2.92566666666667
3.25766666666667
3.00266666666667
2.963
3.06666666666667
2.76066666666667
2.436
2.34633333333333
3.525
2.83933333333333
4.611
2.71833333333333
2.71133333333333
2.71866666666667
2.70166666666667
2.724
2.79233333333333
2.735
2.76033333333333
4.067
3.599
2.51266666666667
3.04533333333333
2.94133333333333
2.955
3.09233333333333
2.90933333333333
2.92466666666667
1.71733333333333
2.119
2.11766666666667
3.357
3.868
3.696
4.07
2.69033333333333
2.71333333333333
2.71233333333333
2.69866666666667
2.75866666666667
2.761
2.76233333333333
3.69933333333333
2.72266666666667
2.64366666666667
2.74266666666667
2.93233333333333
2.96066666666667
3.18766666666667
2.95233333333333
2.94433333333333
1.71666666666667
2.80666666666667
2.08266666666667
2.96233333333333
3.69166666666667
4.19633333333333
3.41866666666667
2.71766666666667
2.711
2.70533333333333
2.72333333333333
2.69333333333333
2.738
2.75966666666667
3.33133333333333
2.69966666666667
2.654
2.711
2.92966666666667
2.92633333333333
3.209
2.93466666666667
2.96633333333333
1.727
1.80933333333333
2.12033333333333
2.86666666666667
3.58733333333333
2.75433333333333
5.45466666666667
0.838666666666667
0.824666666666667
0.828666666666667
0.827666666666667
0.824666666666667
0.825
0.822333333333333
1.02133333333333
0.977
6.50266666666667
2.71233333333333
2.65966666666667
2.673
2.657
2.88433333333333
2.73366666666667
2.697
3.70733333333333
2.808
2.387
2.72633333333333
2.89166666666667
2.91166666666667
3.552
2.90066666666667
2.89366666666667
1.69833333333333
4.76566666666667
2.045
3.074
3.68166666666667
3.61933333333333
4.31166666666667
2.66533333333333
2.69033333333333
2.68766666666667
2.694
2.663
2.73666666666667
2.73966666666667
3.199
2.68933333333333
2.65266666666667
2.68033333333333
2.91133333333333
2.92666666666667
3.10066666666667
2.872
2.90766666666667
1.73133333333333
1.85133333333333
2.08133333333333
2.829
3.584
2.90166666666667
5.27966666666667
2.68333333333333
2.66166666666667
2.68566666666667
2.678
2.66566666666667
2.718
2.718
2.76233333333333
4.12666666666667
2.68466666666667
2.747
2.989
2.997
3.83166666666667
2.96833333333333
2.95466666666667
3.18133333333333
1.80133333333333
3.16033333333333
2.689
3.754
4.15
2.64966666666667
2.69933333333333
2.69966666666667
2.68966666666667
2.704
2.76266666666667
2.748
2.76666666666667
2.77533333333333
3.97333333333333
4.83433333333333
4.00866666666667
4.19
2.99533333333333
3.04966666666667
3.44133333333333
3.00266666666667
3.06866666666667
1.826
2.173
2.22766666666667
3.42166666666667
4.32566666666667
3.31466666666667
1.338
0.995
5.38366666666667
2.715
2.722
2.72966666666667
2.69266666666667
2.89266666666667
2.77233333333333
2.76366666666667
3.80666666666667
2.75533333333333
2.588
2.79233333333333
2.98466666666667
3.01433333333333
3.27466666666667
2.98233333333333
2.98733333333333
1.8
3.98833333333333
2.17533333333333
3.07833333333333
3.80466666666667
3.898
0.837333333333333
0.845333333333333
0.999
1.00733333333333
5.64933333333333
2.74233333333333
2.75533333333333
2.72666666666667
2.73866666666667
2.86466666666667
2.74233333333333
2.74633333333333
3.73633333333333
2.99166666666667
1.85133333333333
2.83
2.945
2.94966666666667
3.001
2.907
2.903
1.76633333333333
2.163
2.09566666666667
3.107
3.74233333333333
3.75666666666667
3.52966666666667
2.69466666666667
2.72233333333333
2.692
2.712
2.70966666666667
2.71966666666667
2.77666666666667
4.48166666666667
2.66233333333333
2.767
2.698
2.89333333333333
2.89066666666667
3.42266666666667
2.88266666666667
3.02633333333333
1.73133333333333
2.121
2.07533333333333
2.88433333333333
4.23133333333333
2.67966666666667
2.92566666666667
2.67466666666667
2.67133333333333
2.74633333333333
2.69366666666667
2.69633333333333
2.75166666666667
2.707
2.92566666666667
3.74666666666667
2.63466666666667
2.73666666666667
2.957
2.94666666666667
6.015
2.91833333333333
2.93566666666667
2.806
1.74266666666667
5.06033333333333
2.924
4.62133333333333
2.731
2.859
2.753
2.74733333333333
2.73666666666667
2.73433333333333
2.745
2.797
2.811
2.797
3.791
2.83
3.125
5.695
2.97366666666667
3.06466666666667
3.84666666666667
2.94566666666667
3.05933333333333
2.02366666666667
2.202
2.217
3.44633333333333
5.40433333333333
2.95566666666667
5.627
2.73966666666667
2.76633333333333
2.72933333333333
2.746
2.91333333333333
2.77066666666667
2.77066666666667
3.75433333333333
3.03766666666667
2.814
2.85933333333333
2.97966666666667
2.99266666666667
3.10066666666667
2.97333333333333
2.99066666666667
1.80766666666667
2.154
2.132
3.10466666666667
3.825
3.82433333333333
1.013
1.008
3.54233333333333
2.764
2.77633333333333
2.763
2.76
2.76
2.77333333333333
2.80966666666667
4.478
2.77166666666667
2.81433333333333
2.732
2.95133333333333
2.96
3.41633333333333
2.95733333333333
2.974
1.74833333333333
2.176
2.089
2.90766666666667
4.28933333333333
2.797
3.22466666666667
2.736
2.70066666666667
2.79933333333333
2.72
2.728
2.78966666666667
2.73433333333333
2.894
2.717
2.62366666666667
2.71633333333333
2.938
2.91633333333333
4.76733333333333
2.94766666666667
2.96266666666667
1.87766666666667
1.814
2.466
2.89666666666667
3.70966666666667
2.54466666666667
3.54966666666667
1.37133333333333
1.58466666666667
2.72366666666667
2.69633333333333
2.722
2.72366666666667
2.716
2.751
2.72833333333333
2.76866666666667
4.028
2.71
2.80733333333333
3.00766666666667
3.03766666666667
3.70166666666667
3.00033333333333
2.98966666666667
3.06966666666667
1.81833333333333
3.006
2.468
3.63066666666667
3.71066666666667
5.00066666666667
2.779
2.78666666666667
2.806
2.758
2.797
2.77833333333333
2.79466666666667
2.80933333333333
4.059
4.50333333333333
3.11266666666667
3.56566666666667
2.97933333333333
2.99566666666667
3.229
2.96566666666667
3
1.79766666666667
2.13733333333333
2.22033333333333
3.472
4.063
3.324
5.15166666666667
2.77533333333333
2.78
2.79066666666667
2.764
2.94266666666667
2.789
2.80666666666667
3.67833333333333
2.80333333333333
2.722
2.822
3.02233333333333
3.03466666666667
3.293
3.02066666666667
3.00966666666667
1.78133333333333
4.163
2.11233333333333
3.07633333333333
3.73966666666667
3.513
0.988666666666667
1.00833333333333
2.705
2.728
2.754
2.7
2.72833333333333
2.757
2.72366666666667
2.75266666666667
3.91466666666667
4.44866666666667
3.25733333333333
3.49533333333333
2.97633333333333
3.00866666666667
3.193
2.929
3.005
1.81466666666667
2.15866666666667
2.197
3.50366666666667
4.057
3.42366666666667
6.50133333333333
2.75166666666667
2.71933333333333
2.73733333333333
2.71066666666667
2.86033333333333
2.77266666666667
2.73966666666667
3.821
2.79566666666667
2.71133333333333
2.80133333333333
2.985
2.98766666666667
3.16866666666667
2.95233333333333
2.97566666666667
1.795
4.38733333333333
2.173
3.173
3.784
3.758
4.544
2.70766666666667
2.73366666666667
2.73366666666667
2.72466666666667
2.70266666666667
2.745
2.764
3.244
2.72866666666667
2.658
2.739
2.98
2.95566666666667
3.114
2.93233333333333
3.00933333333333
1.806
1.95333333333333
2.161
2.938
3.716
3.02266666666667
4.80533333333333
1.65666666666667
2.75966666666667
2.75233333333333
2.76266666666667
2.772
2.78066666666667
2.837
2.80666666666667
2.83966666666667
3.92
2.69833333333333
2.78466666666667
3.00733333333333
3.00766666666667
3.67766666666667
2.98366666666667
2.98966666666667
3.26566666666667
1.80666666666667
3.14433333333333
2.444
3.765
4.35866666666667
2.25966666666667
2.763
2.75433333333333
2.73833333333333
2.73866666666667
2.806
2.785
2.775
2.85533333333333
3.856
5.313
3.87266666666667
4.27166666666667
3.01
3.053
3.41566666666667
2.97433333333333
3.04733333333333
1.82133333333333
2.176
2.26933333333333
3.43966666666667
4.51233333333333
3.25633333333333
0.835
0.836666666666667
0.996
0.999333333333333
1.019
1.01633333333333
1.53766666666667
2.75433333333333
2.778
2.75066666666667
2.764
2.77066666666667
2.79733333333333
2.80266666666667
2.87733333333333
3.76033333333333
5.797
3.46233333333333
3.976
2.99533333333333
3.035
3.304
2.97933333333333
3.015
1.795
2.10966666666667
2.22166666666667
3.40033333333333
4.21066666666667
3.019
0.85
0.853
0.854666666666667
0.845
0.846
0.851333333333333
0.846333333333333
0.838
0.829
0.834666666666667
0.846666666666667
0.847333333333333
1
0.999666666666667
3.272
2.731
2.762
2.776
2.749
2.784
2.808
2.806
3.96333333333333
2.76
2.91233333333333
2.74833333333333
2.98566666666667
2.963
3.43366666666667
2.96433333333333
2.975
1.733
2.227
2.09166666666667
2.91366666666667
4.518
2.82966666666667
3.13
2.76033333333333
2.719
2.80566666666667
2.72466666666667
2.73133333333333
2.79466666666667
2.73033333333333
2.98466666666667
2.702
2.65066666666667
2.71233333333333
2.932
2.93666666666667
3.08966666666667
2.905
2.91866666666667
1.69
1.75833333333333
2.113
2.82733333333333
3.49766666666667
2.61433333333333
5.708
2.73533333333333
2.73766666666667
2.72233333333333
2.73433333333333
2.71933333333333
2.73466666666667
2.77033333333333
2.74866666666667
3.60466666666667
2.64166666666667
2.79733333333333
2.94166666666667
2.90933333333333
3.17833333333333
4.12733333333333
2.993
3.09733333333333
2.20033333333333
2.41233333333333
2.07233333333333
3.379
3.37533333333333
4.02733333333333
2.672
2.71266666666667
2.715
2.67366666666667
2.70733333333333
2.68766666666667
2.78533333333333
2.80666666666667
4.096
3.61533333333333
2.77966666666667
3.16166666666667
2.96033333333333
2.97433333333333
3.11333333333333
2.96133333333333
2.98066666666667
1.738
2.081
2.12166666666667
3.37666666666667
3.92466666666667
3.68733333333333
0.991
3.342
2.71433333333333
2.738
2.74166666666667
2.74433333333333
2.725
2.78533333333333
2.78433333333333
3.24066666666667
2.76433333333333
2.73233333333333
2.75066666666667
2.976
2.96633333333333
3.22866666666667
2.96466666666667
2.965
1.72866666666667
1.844
2.10466666666667
2.873
3.55133333333333
2.71366666666667
5.44866666666667
2.77233333333333
2.738
2.76333333333333
2.78066666666667
2.77
2.79233333333333
2.82766666666667
2.81433333333333
3.829
2.698
2.774
2.99933333333333
2.98966666666667
3.43033333333333
3.02933333333333
2.98366666666667
3.04666666666667
1.75733333333333
2.70633333333333
2.15566666666667
3.58466666666667
3.08533333333333
5.279
1.01033333333333
1.01333333333333
3.30433333333333
2.758
2.765
2.775
2.73066666666667
2.744
2.736
2.754
3.10233333333333
2.684
2.66066666666667
2.70333333333333
2.91666666666667
2.93033333333333
3.15433333333333
2.92966666666667
2.93866666666667
1.73133333333333
1.80533333333333
2.12733333333333
2.87033333333333
3.571
2.60666666666667
5.198
2.72433333333333
2.69933333333333
2.70233333333333
2.71666666666667
2.71733333333333
2.73733333333333
2.76666666666667
2.795
3.632
2.692
2.70733333333333
3.22
2.94033333333333
3.31433333333333
3.04266666666667
2.945
3.12633333333333
2.048
2.58733333333333
2.18866666666667
3.52733333333333
2.83666666666667
5.23266666666667
2.73333333333333
2.727
2.749
2.72033333333333
2.73233333333333
2.744
2.75066666666667
2.772
3.92866666666667
3.78266666666667
2.55633333333333
3.16733333333333
3.01133333333333
3.03766666666667
3.247
3.03566666666667
3.02766666666667
1.80333333333333
2.18966666666667
2.2
3.438
3.97466666666667
3.76233333333333
4.54866666666667
2.80333333333333
2.80233333333333
2.81166666666667
2.79333333333333
2.87666666666667
2.86966666666667
2.84066666666667
3.876
2.779
2.67433333333333
2.79466666666667
3.012
3.002
3.145
2.99133333333333
2.98233333333333
1.74433333333333
2.846
2.09933333333333
3.00066666666667
3.759
4.316
3.321
2.76366666666667
2.783
2.77433333333333
2.77533333333333
2.76266666666667
2.80666666666667
2.82166666666667
3.375
2.76633333333333
2.737
2.77366666666667
2.978
2.99433333333333
3.26433333333333
2.97633333333333
3.003
1.75
1.77966666666667
2.082
2.825
3.52633333333333
2.675
5.41133333333333
2.731
2.73333333333333
2.703
2.75333333333333
2.72233333333333
2.743
2.757
2.777
3.72433333333333
2.64466666666667
2.69933333333333
3.07733333333333
2.91966666666667
3.25333333333333
2.96433333333333
2.93566666666667
3.06733333333333
2.47433333333333
2.50766666666667
2.16
3.43766666666667
2.92966666666667
4.75633333333333
2.69066666666667
2.72433333333333
2.72266666666667
2.703
2.71833333333333
2.702
2.74366666666667
2.74
3.88233333333333
3.71866666666667
2.73666666666667
3.27266666666667
2.903
2.93766666666667
3.15333333333333
2.92166666666667
2.93466666666667
1.733
2.082
2.14
3.37533333333333
3.96766666666667
3.48633333333333
1.25833333333333
0.839
0.988333333333333
0.995
6.03666666666667
2.71333333333333
2.72033333333333
2.70633333333333
2.71466666666667
2.719
2.75566666666667
2.775
3.78833333333333
3.33266666666667
2.38733333333333
2.975
2.95733333333333
2.98
3.09966666666667
2.95466666666667
2.96666666666667
1.72933333333333
2.074
2.16633333333333
3.41166666666667
3.87533333333333
3.447
3.47533333333333
2.77466666666667
2.78233333333333
2.77533333333333
2.756
2.81266666666667
2.829
2.78633333333333
3.874
2.743
2.82333333333333
2.75133333333333
2.95
2.95733333333333
3.62766666666667
2.99466666666667
2.973
1.72533333333333
2.47166666666667
2.09766666666667
2.956
3.59266666666667
3.5
3.217
2.731
2.73966666666667
2.757
2.75233333333333
2.72666666666667
2.763
2.78866666666667
3.36433333333333
2.73133333333333
2.69966666666667
2.744
2.96633333333333
2.97666666666667
3.11833333333333
2.96466666666667
2.96366666666667
1.75166666666667
1.78533333333333
2.10366666666667
2.883
3.516
2.65266666666667
5.24633333333333
0.999333333333333
3.43533333333333
2.745
2.74133333333333
2.74433333333333
2.76
2.726
2.797
2.803
3.32666666666667
2.73866666666667
2.704
2.70666666666667
2.916
2.91966666666667
3.10733333333333
2.903
2.92833333333333
1.717
1.782
2.07366666666667
2.843
3.54333333333333
2.62833333333333
5.394
2.73266666666667
2.745
2.68766666666667
2.748
2.736
2.747
2.743
2.76333333333333
3.65566666666667
2.64233333333333
2.71566666666667
3.058
2.92433333333333
3.226
2.93866666666667
2.96966666666667
3.024
2.419
2.50133333333333
2.06566666666667
3.47066666666667
2.76133333333333
4.59633333333333
2.70233333333333
2.708
2.702
2.69933333333333
2.72533333333333
2.76233333333333
2.75866666666667
2.76566666666667
3.98233333333333
3.52566666666667
2.57166666666667
3.099
2.98133333333333
3.003
3.17533333333333
2.97
2.969
1.76133333333333
2.11633333333333
2.118
3.379
3.90733333333333
3.71266666666667
4.21666666666667
2.75166666666667
2.755
2.783
2.753
2.83966666666667
2.83766666666667
2.804
3.75066666666667
2.75466666666667
2.7
2.78833333333333
2.97633333333333
2.988
3.14333333333333
2.97533333333333
2.966
1.76533333333333
2.91766666666667
2.112
3.02166666666667
3.75966666666667
4.32933333333333
3.374
2.75966666666667
2.78
2.80466666666667
2.793
2.76266666666667
2.80033333333333
2.79933333333333
3.433
2.767
2.718
2.78
2.98866666666667
2.99666666666667
3.27133333333333
2.97233333333333
3.002
1.774
1.82933333333333
2.14333333333333
2.93233333333333
3.61833333333333
2.688
5.30233333333333
2.772
2.73066666666667
2.76433333333333
2.78966666666667
2.772
2.811
2.79033333333333
2.824
3.89166666666667
2.64566666666667
2.706
2.919
2.92233333333333
3.461
2.89866666666667
2.93533333333333
3.05866666666667
1.75833333333333
2.90333333333333
2.62533333333333
3.497
3.69866666666667
3.351
2.73366666666667
2.71066666666667
2.71933333333333
2.72733333333333
2.761
2.75033333333333
2.764
2.824
3.954
5.34
3.99633333333333
4.23433333333333
2.96233333333333
2.99966666666667
3.38733333333333
2.95433333333333
3.01933333333333
1.78733333333333
2.14233333333333
2.23266666666667
3.39133333333333
4.30766666666667
3.544
6.43266666666667
2.77033333333333
2.73466666666667
2.76
2.71733333333333
2.85366666666667
2.78133333333333
2.74466666666667
3.76566666666667
2.863
2.53533333333333
2.79233333333333
2.991
3.001
3.71733333333333
3.02066666666667
3.009
1.802
4.61133333333333
2.13966666666667
3.09166666666667
3.75366666666667
4.28666666666667
4.03
2.76
2.812
2.78633333333333
2.786
2.76366666666667
2.80166666666667
2.82966666666667
3.968
2.82466666666667
2.81866666666667
2.81033333333333
3.03366666666667
3.02766666666667
3.30933333333333
2.97466666666667
3.05533333333333
1.78933333333333
2.13666666666667
2.12066666666667
2.98966666666667
4.19433333333333
2.835
2.509
2.79866666666667
2.772
2.86033333333333
2.79533333333333
2.79833333333333
2.861
2.817
3.008
5.09533333333333
2.74366666666667
2.82166666666667
3.04733333333333
3.047
6.052
3.03366666666667
3.01866666666667
2.92033333333333
1.81833333333333
4.677
2.97833333333333
3.76833333333333
2.747
2.79866666666667
1.46966666666667
1.02133333333333
2.74266666666667
2.73966666666667
2.742
2.73933333333333
2.777
2.75666666666667
2.86
2.899
3.978
4.76233333333333
3.43466666666667
3.772
3.03066666666667
3.04166666666667
3.35666666666667
3.01333333333333
3.04433333333333
1.81833333333333
2.10666666666667
2.18533333333333
3.43933333333333
4.22866666666667
3.23133333333333
7.34933333333333
2.846
2.81166666666667
2.81333333333333
2.791
2.995
2.86333333333333
2.791
3.79766666666667
2.883
2.78333333333333
2.84566666666667
3.00333333333333
3.01533333333333
3.27833333333333
3.03066666666667
3.00866666666667
1.761
4.716
2.08066666666667
3.14533333333333
3.781
3.643
4.31833333333333
2.79766666666667
2.82366666666667
2.81066666666667
2.817
2.79466666666667
2.83033333333333
2.85033333333333
3.50733333333333
2.82266666666667
2.78966666666667
2.809
3.005
2.992
3.24066666666667
2.993
3.052
1.795
1.97266666666667
2.133
2.99033333333333
3.92
2.95766666666667
4.58066666666667
2.865
2.836
2.86166666666667
2.86966666666667
2.875
2.93233333333333
2.90833333333333
2.98666666666667
4.424
2.796
2.88666666666667
3.10733333333333
3.093
4.34133333333333
3.016
3.05633333333333
3.395
1.82266666666667
3.617
3.35266666666667
3.98
4.50533333333333
2.22
2.86933333333333
2.86533333333333
2.85133333333333
2.85233333333333
2.876
2.90866666666667
2.91766666666667
2.89066666666667
4.165
5.85533333333333
3.62133333333333
4.432
3.112
3.177
3.737
3.08733333333333
3.18833333333333
2.03433333333333
2.29266666666667
2.304
3.55866666666667
4.516
3.091
4.86166666666667
2.852
2.86266666666667
2.86933333333333
2.846
3.05366666666667
2.889
2.89166666666667
3.661
3.041
2.75366666666667
2.94833333333333
3.08033333333333
3.11733333333333
3.18433333333333
3.074
3.067
1.82333333333333
2.05733333333333
2.11533333333333
3.06466666666667
3.78
4.052
3.899
2.787
2.81066666666667
2.79366666666667
2.797
2.78566666666667
2.813
2.806
4.12833333333333
2.78933333333333
2.852
2.82266666666667
3.00166666666667
3.01
3.40766666666667
2.98666666666667
3.03666666666667
1.75766666666667
2.12733333333333
2.07833333333333
2.937
3.91033333333333
2.70333333333333
3.538
0.857333333333333
0.852
0.931666666666667
1.02466666666667
1.93166666666667
2.78666666666667
2.77833333333333
2.79833333333333
2.78866666666667
2.785
2.84333333333333
2.81533333333333
2.881
4.11333333333333
2.76933333333333
2.84466666666667
3.05633333333333
3.05433333333333
3.92466666666667
3.045
3.05766666666667
3.09633333333333
1.806
3.133
2.707
3.652
4.26133333333333
2.032
2.855
2.86066666666667
2.83866666666667
2.838
2.83433333333333
2.877
2.87933333333333
2.93966666666667
3.87733333333333
5.78666666666667
3.46033333333333
4.043
3.08433333333333
3.131
3.43533333333333
3.061
3.126
1.883
2.19833333333333
2.25733333333333
3.55966666666667
4.37
3.31466666666667
6.14633333333333
2.88966666666667
2.858
2.87
2.85966666666667
3.13633333333333
2.93266666666667
2.89966666666667
3.95833333333333
2.99633333333333
2.56066666666667
2.92666666666667
3.10733333333333
3.09566666666667
3.251
3.09166666666667
3.084
1.84566666666667
4.90466666666667
2.15366666666667
3.247
3.84466666666667
3.67366666666667
4.53233333333333
2.78633333333333
2.821
2.81766666666667
2.8
2.814
2.853
2.88266666666667
3.34766666666667
2.876
2.77066666666667
2.85366666666667
3.068
3.05866666666667
3.20966666666667
3.04166666666667
3.08433333333333
1.811
1.93433333333333
2.152
2.97033333333333
3.799
2.916
4.453
2.83266666666667
2.801
2.819
2.803
2.809
2.87
2.84366666666667
2.905
4.23333333333333
2.749
2.81666666666667
3.01666666666667
3.028
4.02633333333333
3.00933333333333
3.01466666666667
3.369
1.78166666666667
3.37566666666667
3.06733333333333
3.663
4.773
2.117
2.82233333333333
2.81033333333333
2.81133333333333
2.823
2.84433333333333
2.861
2.875
2.94366666666667
3.856
5.98133333333333
4.349
4.188
3.026
3.08233333333333
3.385
3.01333333333333
3.088
1.82833333333333
2.15733333333333
2.22466666666667
3.48433333333333
4.413
2.89033333333333
1.547
1.067
1.066
2.71933333333333
2.865
2.88866666666667
2.87166666666667
2.87366666666667
2.862
2.89633333333333
2.87633333333333
2.91133333333333
3.54266666666667
2.79933333333333
3.53133333333333
3.026
3.03033333333333
3.21733333333333
4.383
3.072
3.188
2.07266666666667
2.325
2.08633333333333
3.40566666666667
4.57966666666667
3.57066666666667
7.085
2.79366666666667
2.79666666666667
2.782
2.79233333333333
2.78466666666667
2.851
2.86566666666667
3.99233333333333
3.217
2.242
2.97433333333333
2.98933333333333
3.013
3.07533333333333
2.96
2.96566666666667
1.708
2.12366666666667
2.11066666666667
3.40033333333333
3.69966666666667
2.88266666666667
4.866
0.840666666666667
0.819666666666667
0.816333333333333
0.821
0.878333333333333
0.980333333333333
1.52533333333333
2.72966666666667
2.70433333333333
2.734
2.73633333333333
2.742
2.78966666666667
2.758
2.79166666666667
3.89066666666667
2.66433333333333
2.713
2.92133333333333
2.93533333333333
3.635
2.91666666666667
2.921
3.27966666666667
1.80933333333333
2.90833333333333
2.362
3.51666666666667
3.75333333333333
5.376
0.849
0.845333333333333
0.85
0.998
1.28466666666667
2.768
2.77366666666667
2.763
2.79933333333333
2.781
2.80566666666667
2.81833333333333
2.79666666666667
3.64133333333333
2.69733333333333
2.754
3.12
2.96333333333333
3.336
3.10233333333333
2.98966666666667
3.18633333333333
2.72633333333333
2.59166666666667
2.25666666666667
3.53166666666667
2.989
5.06233333333333
0.848666666666667
0.853666666666667
0.856
0.859333333333333
0.854
0.847666666666667
0.837666666666667
1.327
0.754
0.752666666666667
0.749666666666667
0.75
0.755666666666667
0.756666666666667
0.759666666666667
0.753
0.755666666666667
0.746333333333333
0.750666666666667
0.747
0.749666666666667
0.749333333333333
0.756666666666667
0.757333333333333
0.755333333333333
0.76
0.758
0.753666666666667
0.752666666666667
0.746666666666667
0.747
0.746666666666667
0.749
0.75
0.751666666666667
0.756
0.766666666666667
0.761666666666667
0.762333333333333
0.761
0.76
0.760666666666667
0.763333333333333
0.767
0.763666666666667
0.765333333333333
0.763666666666667
0.757666666666667
0.759333333333333
0.757333333333333
0.757333333333333
0.760333333333333
0.755666666666667
0.763333333333333
0.760333333333333
0.762
0.761
0.761333333333333
0.753666666666667
0.755666666666667
0.755333333333333
0.755
0.753333333333333
0.759
0.758666666666667
0.761
0.758666666666667
0.758333333333333
0.749666666666667
0.750666666666667
0.750333333333333
0.747666666666667
0.751333333333333
0.751666666666667
0.758
0.754666666666667
0.756
0.751666666666667
0.759
0.757333333333333
0.756
0.757666666666667
0.759
0.761666666666667
0.765333333333333
0.764666666666667
0.766666666666667
0.764666666666667
0.763666666666667
0.758333333333333
0.757666666666667
0.759666666666667
0.758
0.757
0.764
0.763333333333334
0.760333333333333
0.76
0.758333333333333
0.755666666666667
0.754
0.755666666666667
0.755666666666667
0.754333333333333
0.761
0.761
0.758666666666667
0.758
0.760333333333333
0.757333333333333
0.756666666666667
0.755
0.755333333333333
0.753
0.759666666666667
0.760666666666667
0.76
0.761
0.758666666666667
0.754
0.757
0.756666666666667
0.757333333333333
0.757
0.758333333333333
0.764
0.766
0.759
0.758333333333333
0.754666666666667
0.752666666666667
0.751333333333333
0.758
0.759333333333333
0.759
0.761
0.765
0.765333333333333
0.764
0.760333333333333
0.76
0.762333333333333
0.764
0.760666666666667
0.761333333333333
0.763333333333333
0.765333333333333
0.764
0.763333333333333
0.759
0.76
0.757666666666667
0.757
0.757333333333333
0.759666666666667
0.762666666666667
0.763666666666667
0.762333333333333
0.762
0.755666666666667
0.757
0.757666666666667
0.756
0.757333333333333
0.755666666666667
0.757333333333333
0.761333333333333
0.762666666666667
0.762666666666667
0.762
0.758333333333333
0.758666666666667
0.760333333333333
0.760333333333333
0.758
0.762666666666667
0.761666666666667
0.758
0.758333333333333
0.757333333333333
0.758333333333333
0.757666666666667
0.757333333333333
0.753
0.754
0.761
0.758333333333333
0.76
0.759
0.758333333333333
0.754333333333333
0.756333333333333
0.758666666666667
0.755
0.751666666666667
0.754666666666667
0.750333333333333
0.757
0.761
0.757
0.791
0.792666666666667
0.787
0.789
0.788
0.788333333333333
0.786666666666667
0.787666666666667
0.788666666666667
0.788333333333333
0.783666666666667
0.782
0.779
0.777333333333333
0.776666666666667
0.778
0.779666666666667
0.780666666666667
0.781666666666667
0.782
0.778666666666667
0.776
0.769666666666667
0.771666666666667
0.768666666666667
0.770666666666667
0.774333333333333
