386.700012
339.022217
337.031097
302.311096
279.137787
302.044434
292.488892
269.795563
288.533325
286.035553
281.866669
297.440002
289.822235
282.853333
281.920013
315.635559
294.462219
271.111115
307.795563
306.675568
266.817780
301.182220
270.426666
266.053345
222.240005
276.186676
214.417770
208.657776
204.728882
165.706665
166.568893
258.702209
100.080002
130.604446
124.773331
123.182220
59.866665
62.275555
54.933334
52.844444
55.475555
56.284443
58.302223
57.377777
56.240002
57.173332
55.484444
61.573334
62.053333
42.151112
60.746666
55.004444
57.502224
51.715557
63.991112
61.697777
61.155556
61.262222
64.942223
65.724442
59.386665
64.951111
64.586670
55.671112
58.000000
61.351112
59.697777
60.408890
61.982224
53.964443
54.782223
60.133335
57.902222
62.133335
56.195557
60.000000
49.964443
51.555557
57.866665
57.599998
62.986668
52.746666
59.084446
67.084442
54.595554
60.888889
50.533333
57.697777
59.786667
60.755554
56.453335
48.951111
54.248890
54.204445
56.248890
58.746666
60.595554
62.533333
50.720001
57.502224
57.946667
49.093334
60.488888
55.617779
60.133335
63.502224
46.524445
53.315556
67.235558
59.306667
53.040001
56.195557
63.262222
62.453335
59.217777
51.582222
63.200001
61.982224
60.000000
66.142220
64.933334
70.951111
64.320000
61.768890
58.835556
50.560001
55.511112
66.737778
65.360001
63.520000
62.497776
55.573334
55.928890
62.995556
57.893333
56.639999
61.271111
63.493332
66.266670
60.071110
63.324444
61.822224
64.604446
70.133331
58.711113
62.862221
65.599998
71.253334
64.373337
59.422222
63.271111
67.644447
66.008888
65.315552
68.017776
61.680000
59.004444
62.631111
68.275558
65.253334
65.155556
61.244446
59.831112
64.737778
63.208889
58.195557
61.511112
65.351112
63.066666
72.737778
64.382225
63.004444
63.155556
64.817780
62.826668
67.111115
59.191113
69.137779
63.235554
57.662224
70.044441
57.182220
62.328888
61.848888
63.271111
61.937778
65.182220
66.168892
60.799999
58.488888
56.115555
61.173332
63.360001
60.639999
66.053337
65.697777
63.413334
60.702221
66.675552
65.982224
60.480000
66.959999
64.471107
63.884445
65.306664
67.182220
67.635559
64.524445
64.488892
65.760002
69.297775
63.520000
55.617779
66.942223
61.875557
60.844444
59.599998
62.684444
66.293335
62.080002
63.164444
61.733334
62.142223
64.346664
62.391109
63.040001
60.524445
65.368889
61.040001
68.488892
65.813332
70.737778
61.644444
67.760002
62.044445
64.186668
61.191113
59.511112
59.768890
65.208885
60.231110
62.115555
59.715557
65.182220
62.444443
59.502224
66.337776
60.320000
69.662224
70.453331
60.355556
