386.700012
361.564453
333.875549
296.293335
289.866669
187.075562
203.466660
181.333328
185.422226
190.008896
186.960007
195.013336
181.057785
183.644440
206.364441
183.315552
219.013336
175.822220
170.808884
181.431107
190.311111
169.786667
176.088882
175.964447
173.164444
170.568893
172.515549
185.902222
172.053329
101.368889
27.688889
22.568890
28.693333
26.684444
26.497778
22.604445
22.862223
26.879999
26.355556
26.248888
31.084444
22.684444
24.657778
20.355556
25.840000
21.795555
24.320000
25.991112
30.577778
27.457777
25.902222
28.799999
30.408890
40.506668
27.911112
26.186666
38.355556
24.808889
25.404444
24.711111
30.026667
28.799999
27.795555
27.884445
23.128889
33.928890
37.831112
38.328888
37.902222
25.617777
28.444445
24.719999
23.182222
28.106667
29.813334
33.857777
35.608891
28.302221
26.462223
28.693333
25.848888
27.066668
25.200001
33.226665
29.964445
25.360001
36.497776
28.951111
31.066668
27.057777
26.657778
26.942223
28.142221
31.866667
29.413334
26.755556
26.426666
26.746666
26.577778
26.053333
28.915556
30.684444
22.115555
31.128889
28.417778
27.422222
28.017778
27.244444
32.044445
32.755554
32.426666
27.111111
28.337778
30.559999
27.324444
31.777779
36.346668
23.724445
26.151112
28.862223
25.235556
30.782223
26.755556
35.937778
29.342222
29.013334
23.093334
25.777779
31.964445
24.559999
29.333334
23.706667
29.102222
18.755556
22.204445
26.195555
32.924446
34.622223
27.048889
29.937778
28.879999
24.044445
27.217777
30.328888
26.968889
33.919998
24.328888
28.497778
24.337778
27.715555
27.555555
27.955555
26.017778
22.266666
23.208889
20.062222
27.511110
25.395555
28.266666
36.142223
27.680000
25.893333
25.040001
31.688889
28.213333
26.977777
28.711111
30.480000
22.871111
32.391109
30.568890
29.982222
27.564444
28.737778
30.488890
29.946667
35.626667
31.982222
27.297777
27.395555
29.875555
25.982222
28.320000
27.742222
37.617779
28.417778
23.075556
27.546667
28.568890
27.111111
24.871111
27.164444
27.422222
24.755556
30.240000
26.497778
22.435556
26.133333
31.093334
27.075556
20.213333
27.297777
24.764444
23.146667
21.742222
24.115555
24.222221
19.528889
27.528889
23.288889
24.053333
22.586666
27.315556
20.799999
28.453333
26.195555
27.200001
22.248888
23.697779
23.315556
24.035555
26.346666
25.484444
27.715555
25.964445
23.884445
28.248888
27.546667
36.622223
27.502222
25.431110
30.799999
32.577778
21.217777
26.115555
27.164444
30.017778
26.071112
23.048889
24.408890
26.364445
24.177778
25.635555
29.511110
26.711111
26.995556
30.328888
22.728889
24.373333
23.262222
28.364445
