386.700012
336.417786
324.186676
252.248886
251.360001
247.199997
251.564438
262.293335
264.346680
263.271118
263.004456
271.119995
273.191101
276.462219
277.920013
252.302216
290.124451
269.697784
226.613327
228.871109
175.857773
178.844452
175.288895
166.337784
171.928894
166.728882
155.235550
156.666672
212.080002
153.004440
162.044449
160.586670
155.093338
152.595551
164.942215
154.213333
152.977783
152.417770
166.604446
161.866669
151.119995
152.035553
147.057785
149.751114
144.791107
147.306671
147.466660
147.751114
147.546661
156.035553
82.559998
105.404442
46.302223
59.955555
58.515556
62.462223
47.644444
55.342224
55.368889
48.435555
64.568886
46.000000
43.555557
44.222221
43.262222
48.248890
44.773335
33.395557
34.817780
36.853333
33.182220
32.826668
38.257778
36.684444
38.915554
33.724445
20.995556
20.391111
16.577778
28.248888
25.600000
23.831112
24.986666
28.639999
30.293333
24.879999
28.035555
26.488890
24.506666
25.102222
27.075556
23.902222
28.124445
32.195557
26.471111
24.524445
20.648890
25.760000
27.893333
23.617777
16.959999
24.142221
19.982222
16.497778
18.453333
19.804445
19.057777
21.502222
19.173334
25.448889
18.915556
17.377777
27.182222
21.333334
17.964445
16.613333
18.240000
17.155556
17.022223
17.146667
18.755556
15.022223
18.142221
16.186666
17.760000
18.106667
18.444445
14.000000
22.897778
20.177778
18.311111
18.026667
17.955555
18.648890
16.435556
19.413334
17.831112
15.848889
15.431111
16.364445
17.128889
17.546667
17.022223
15.395555
18.595556
17.288889
17.182222
15.342222
17.875555
17.635555
18.444445
15.857778
17.431110
23.813334
20.746666
15.271111
7.262222
16.177778
18.124445
14.764444
13.795555
16.462223
16.533333
19.066668
17.368889
11.493333
14.026667
12.835556
14.435555
16.053333
14.337778
10.044444
19.422222
17.333334
17.333334
16.906666
17.173334
14.657778
31.217777
21.155556
19.804445
12.746667
17.226667
16.240000
22.888889
20.906666
15.013333
14.213333
14.382222
15.697778
12.648889
15.057777
16.559999
20.062222
20.728889
17.235556
18.035555
17.333334
17.973333
15.297778
19.182222
19.555555
23.440001
24.248888
31.128889
20.551111
22.693333
20.480000
25.422222
21.031111
23.475555
19.697779
24.488890
21.822222
25.448889
24.888889
25.466667
24.711111
23.128889
26.648890
27.715555
26.382223
27.333334
25.866667
22.844444
24.693333
34.959999
20.506666
21.084444
21.306667
19.937778
25.173334
22.328888
26.951111
23.635555
25.795555
22.088888
24.275555
29.146667
20.782223
26.604445
26.177778
25.733334
25.484444
27.493334
26.053333
28.613333
24.542223
26.293333
23.084444
24.613333
