386.700012
336.551117
325.688904
308.684448
259.839996
218.631104
214.915558
215.217773
208.817780
258.079987
206.337784
213.795563
217.839996
211.653336
218.026672
220.986664
219.653336
219.706665
211.039993
202.604446
202.862228
215.413330
209.395554
210.382217
214.195557
216.960007
209.128891
225.875549
212.702225
209.217773
210.204437
209.271118
228.240005
204.062225
216.782227
212.631104
213.191116
209.333328
195.022217
197.715561
195.448883
200.906662
254.479996
206.791107
209.955551
202.417770
208.008896
208.391113
143.244446
153.520004
147.386673
188.435562
140.942215
146.622223
147.182220
147.084442
147.262222
150.942215
150.506668
156.071106
143.573334
205.857773
142.284439
142.248886
143.537781
136.257782
145.013336
141.600006
139.848892
143.857773
144.293335
143.137772
148.231110
139.564438
149.102219
144.657776
143.733337
142.577774
149.831116
192.506668
235.724442
190.497772
189.626663
193.600006
194.142227
189.857773
196.177780
182.648895
186.346664
186.639999
191.324448
191.973328
60.186668
49.431110
64.382225
68.097778
62.951111
65.626663
62.604443
57.991112
63.333332
65.279999
56.675556
64.373337
60.000000
61.448891
57.022221
63.262222
64.879997
66.000000
58.675556
78.213333
65.120003
64.391113
65.919998
63.271111
63.066666
66.239998
63.360001
69.617775
65.902222
64.648888
59.048889
72.017776
73.680000
72.213333
63.617779
69.537781
60.097778
67.057777
63.617779
61.573334
63.075554
64.879997
63.582222
64.524445
65.786667
66.720001
68.568886
66.844444
67.599998
61.137779
54.106667
58.648888
59.297779
57.395557
68.222221
67.111115
63.155556
64.435555
67.048889
67.866669
65.973335
65.324448
64.239998
68.177780
66.266670
66.080002
62.871113
62.826668
59.724445
65.644447
66.142220
64.026665
63.822224
66.177780
67.271111
56.737778
72.480003
54.035557
56.017776
68.320000
65.440002
65.253334
68.613335
68.666664
70.062225
67.777779
68.755554
57.404446
71.351112
60.488888
64.355553
62.648888
67.404442
66.177780
55.200001
60.000000
63.982224
55.715557
66.355553
68.506668
67.173332
70.222221
70.488892
72.862221
72.497780
74.942223
68.684448
72.213333
69.217781
72.746666
73.448891
70.871109
76.231110
75.680000
75.919998
70.986664
68.017776
73.306664
73.555557
70.435555
73.528893
72.808891
72.764442
68.124443
67.591110
73.422226
66.382225
75.173332
60.826668
68.248886
68.720001
76.728889
54.186668
48.631111
65.111115
69.546669
76.293335
78.648888
70.933334
69.528893
77.155556
66.302223
72.284447
69.199997
72.782219
65.146667
66.062225
54.995556
58.506668
74.071114
63.946667
69.991112
69.902222
71.004448
65.582222
80.879997
76.773331
67.368889
70.915558
