386.700012
339.982208
332.755554
334.408875
293.448883
371.013336
183.031113
210.817780
255.271118
201.253326
244.391113
231.831116
271.546661
218.160004
221.271118
243.528885
264.897766
242.177780
242.080002
249.217773
253.039993
246.551117
243.502228
248.444443
243.600006
242.257782
244.399994
244.711105
246.924438
256.808899
226.035553
225.057785
229.493332
171.697784
157.377777
143.884445
172.097778
184.933334
178.737778
163.111115
202.746674
169.688889
207.786667
182.968887
179.475555
183.119995
183.937775
183.831116
183.226669
174.088882
174.000000
173.813339
171.297775
174.631104
192.942215
173.262222
183.342224
176.862228
175.911118
189.048889
164.968887
172.515549
180.666672
164.240005
188.479996
163.591110
128.142227
128.497772
136.186661
119.173332
124.977776
126.293335
132.053329
125.546669
143.173340
144.311111
157.964447
140.426666
141.457779
132.711105
129.066666
120.471107
151.057785
154.275558
168.168884
164.755554
189.413330
212.355560
191.075562
200.906662
198.577774
200.782227
207.448883
193.831116
197.164444
205.440002
215.635559
208.213333
212.302216
208.773331
207.413330
209.653336
202.266663
198.746674
204.382217
225.511108
206.942215
223.937775
220.666672
225.688889
234.382217
225.759995
223.866669
217.706665
223.671112
215.253326
209.991104
215.111115
239.208893
245.137772
251.386673
247.537781
249.502228
248.755554
247.360001
240.773331
252.666672
240.773331
243.031113
242.817780
245.146667
241.226669
241.208893
242.817780
243.919998
236.648895
225.039993
200.711105
196.826660
198.951111
200.000000
202.328888
181.075562
172.648895
178.302216
179.075562
172.702225
112.675552
106.275558
76.142220
77.857780
76.346664
79.377777
78.480003
38.613335
34.088890
30.942223
34.311111
37.617779
35.928890
43.591110
77.591110
38.293335
44.417778
38.853333
42.977779
39.404446
39.013332
43.893333
36.364445
39.404446
35.813332
36.728889
41.093334
35.697777
38.764446
37.902222
38.853333
38.844444
36.435555
37.119999
37.315556
40.808887
33.715557
36.586666
39.279999
38.933334
30.542223
39.422222
36.417778
35.271111
26.728889
36.453335
36.933334
30.293333
34.471111
34.711113
31.226667
33.546665
29.217777
35.395557
39.279999
35.386665
35.857777
40.515556
41.448891
32.853333
65.004448
40.488888
39.457779
33.813332
34.284443
39.475555
38.408890
31.848888
37.217777
32.995556
37.244446
35.840000
35.279999
37.982224
35.324444
38.382221
41.644444
34.515556
36.160000
41.795555
34.204445
33.768890
46.337776
32.257778
33.902222
36.088890
32.986668
43.777779
35.395557
36.675556
38.417778
39.111111
37.226665
38.462223
35.831112
35.395557
35.502224
33.226665
35.182220
36.444443
37.315556
35.022221
34.391109
35.813332
