386.700012
335.511108
340.871124
341.839996
344.035553
346.906677
351.591125
320.924438
320.995544
321.502228
320.231110
269.422211
250.302216
294.186676
271.048889
341.359985
315.111115
276.106659
237.706665
258.426666
245.084442
247.742218
210.168884
210.479996
211.591110
208.604446
207.173340
208.657776
230.462219
236.764450
230.764450
231.626663
238.302216
233.946671
268.924438
266.408875
270.586670
266.542236
265.342224
265.715546
258.337769
254.160004
252.764450
251.502228
267.777771
252.968887
248.408890
250.008896
239.537781
213.484451
245.937775
213.048889
271.973328
223.671112
185.591110
185.795563
182.764450
183.191116
132.426666
137.991104
134.933334
144.444443
133.164444
131.875549
129.982224
142.008896
137.128891
133.502228
129.395554
192.835556
137.182220
134.222229
131.946671
139.422226
195.137772
135.679993
133.759995
133.128891
131.360001
128.604446
127.973335
121.288887
125.617775
118.551109
120.933334
124.328888
42.595554
44.826668
45.333332
44.195557
46.844444
43.893333
42.586666
41.031113
43.671112
49.137779
47.119999
44.515556
33.680000
35.680000
35.466667
35.155556
41.582222
36.035557
33.848888
29.057777
34.008888
37.351112
30.577778
27.422222
34.053333
33.288887
34.808887
35.697777
30.391111
33.715557
35.813332
46.684444
34.364445
36.506668
29.564444
30.844444
32.320000
33.751110
35.511112
36.160000
34.844444
36.417778
42.622223
35.253334
36.160000
33.404446
35.208889
32.302223
37.866665
32.151112
39.697777
31.831112
29.191111
40.968887
29.324444
27.528889
30.906666
28.488890
26.213333
36.302223
22.817778
27.351110
20.426666
26.595556
25.973333
31.555555
23.093334
28.124445
26.879999
29.795555
30.453333
27.271111
29.333334
24.711111
23.111111
28.702223
24.240000
30.711111
39.582222
38.106667
26.097778
31.697779
35.057777
31.662222
34.782223
33.840000
31.084444
32.115555
32.684444
26.186666
29.795555
28.551111
26.506666
30.053333
41.404446
34.604443
37.395557
23.048889
27.351110
21.084444
21.733334
20.924444
21.333334
22.480000
21.973333
18.746666
27.333334
29.973333
30.684444
22.888889
17.600000
23.520000
21.982222
23.173334
42.008888
20.791111
25.475555
21.280001
21.377777
24.524445
26.702223
29.724445
23.937778
24.311111
25.600000
21.377777
24.337778
34.639999
30.897778
20.853333
29.217777
28.133333
20.924444
28.533333
28.995556
28.586666
28.000000
22.168888
25.120001
20.115555
20.373333
27.911112
31.822222
31.582222
23.413334
29.706667
29.946667
32.177776
31.102222
33.768890
41.653332
31.111111
29.173334
34.364445
34.951111
35.333332
33.368889
34.737778
33.271111
30.719999
30.240000
27.057777
31.164444
36.026669
32.408890
