386.700012
356.631104
326.888885
295.253326
234.746674
234.186661
235.395554
234.284439
234.133331
243.457779
245.262222
261.235565
231.119995
217.706665
207.751114
207.573334
298.133331
214.408890
262.453339
219.768890
219.466660
222.453339
239.022217
237.182220
262.791107
263.715546
282.026672
273.484436
260.275543
208.897781
213.448883
205.751114
223.315552
208.702225
217.635559
208.471115
212.293335
223.279999
223.226669
224.800003
177.208893
101.866669
114.577774
105.635559
104.933334
103.475555
104.151108
124.986664
89.217781
83.297775
83.786667
93.591110
93.760002
104.568886
97.368889
89.111115
92.426666
98.791115
99.315552
94.551109
99.991112
100.017776
103.386665
106.151108
105.360001
101.591110
101.599998
104.888885
106.168892
106.631111
101.004448
98.764442
95.368889
97.911110
100.568886
98.302223
105.653336
102.239998
103.244446
103.208885
104.853333
102.382225
97.919998
99.279999
102.871109
109.831108
97.040001
102.382225
103.422226
103.431114
106.320000
102.888885
106.693336
107.262222
105.102219
105.697777
101.680000
105.057777
105.795555
104.106667
104.124443
104.631111
107.111115
105.751114
102.586670
101.982224
102.151108
101.617775
103.226669
105.991112
105.253334
107.893333
112.871109
105.786667
104.080002
106.551109
106.497780
105.866669
103.795555
102.151108
102.195557
104.853333
106.071114
102.053337
103.066666
105.013336
98.755554
102.026665
99.244446
105.155556
106.702225
106.524445
106.959999
106.559998
92.186668
104.764442
103.751114
105.386665
105.591110
103.848892
105.128891
104.453331
108.382225
107.751114
107.342224
106.293335
106.684448
104.711113
107.546669
106.231110
103.466667
96.133331
104.648888
107.288887
109.502220
111.484444
102.408890
88.871109
98.871109
106.266670
95.546669
97.653336
106.071114
96.337776
100.088890
102.115555
95.395554
102.026665
97.288887
90.942223
106.320000
86.764442
99.866669
98.204445
103.804443
90.106667
101.324448
101.955559
98.471107
98.284447
99.635559
107.599998
99.244446
98.062225
99.555557
104.497780
100.231110
99.120003
99.448891
102.977776
104.008888
104.693336
109.279999
102.817780
98.320000
97.146667
105.902222
103.279999
102.302223
94.444443
98.453331
100.337776
96.177780
92.791115
100.373337
91.555557
99.706665
98.293335
89.057777
96.693336
97.466667
100.088890
104.346664
97.662224
91.048889
106.462219
92.355553
102.106667
90.480003
81.448891
86.177780
91.137779
83.040001
87.573334
86.657776
81.742226
91.377777
88.346664
81.440002
84.568886
85.715553
88.551109
77.760002
74.577774
85.066666
75.848892
76.888885
90.213333
75.902222
76.044441
75.546669
84.080002
85.004448
92.711113
85.315552
85.306664
92.293335
85.208885
85.208885
94.622223
73.137779
