386.700012
339.760010
305.217773
301.653320
318.568878
232.462219
244.800003
234.328888
224.613327
224.151108
233.768890
218.479996
226.888885
218.035553
172.666672
166.008896
165.688889
166.782227
168.639999
168.044449
170.355560
172.746674
178.000000
172.951111
171.662216
172.542221
171.813339
180.728882
170.853333
171.173340
171.102219
221.226669
218.586670
228.817780
221.928894
221.457779
221.768890
166.311111
169.244446
168.933334
167.751114
167.484451
167.697784
100.666664
102.639999
87.057777
85.884445
52.951111
48.480000
48.115555
45.724445
46.124443
41.795555
46.160000
47.564445
43.937778
44.631111
40.684444
44.515556
47.119999
46.186668
46.497776
46.782223
48.364445
39.235554
39.964443
37.422222
42.053333
35.253334
35.964443
43.715557
40.897778
36.880001
38.675556
30.453333
42.675556
33.902222
42.435555
40.453335
35.973331
42.488888
24.613333
30.799999
26.835556
16.968889
20.177778
15.946667
16.488890
20.186666
14.275556
16.924444
20.346666
23.493334
21.688889
20.871111
22.906666
17.991112
15.671111
22.417778
19.662222
19.111111
24.142221
16.524445
16.284445
18.373333
14.560000
13.866667
13.697778
12.835556
12.675555
14.444445
21.573334
14.906667
21.066668
16.000000
15.555555
22.906666
23.911112
13.057777
13.902223
15.884444
20.320000
23.653334
19.351110
18.293333
15.120000
15.928889
16.799999
10.826667
15.022223
16.862223
16.746666
16.302221
16.444445
21.377777
24.968889
28.702223
25.048889
26.293333
34.293335
44.471111
40.302223
41.404446
45.804443
45.057777
39.848888
36.720001
36.204445
37.840000
42.417778
42.959999
42.737778
40.888889
36.000000
50.106667
42.542221
42.924446
42.506668
43.840000
42.497776
44.568890
52.124443
49.857777
48.053333
54.364445
55.137779
54.400002
54.799999
54.631111
55.226665
56.515556
56.720001
54.968887
57.279999
56.728889
55.902222
56.177776
55.128887
53.360001
55.973331
53.395557
56.471111
56.755554
54.240002
59.795555
55.288887
54.782223
54.595554
56.373333
55.182220
57.591110
56.657776
57.946667
58.648888
59.164444
55.297779
52.293335
52.951111
51.777779
56.391109
53.395557
53.742222
53.466667
56.240002
55.146667
50.471111
55.822224
56.693333
52.924446
54.168888
55.857777
56.222221
57.093334
59.928890
54.693333
55.688889
57.128887
54.817780
56.471111
55.475555
54.480000
59.262222
56.702221
56.711113
55.662224
55.520000
56.622223
56.977779
55.973331
55.928890
54.213333
54.462223
56.240002
57.608891
58.240002
55.368889
55.919998
58.257778
56.977779
53.360001
54.871113
54.506668
57.617779
57.191113
52.337776
47.528889
57.404446
47.599998
60.693333
54.008888
60.097778
