386.700012
339.839996
303.413330
257.395569
202.693329
202.942215
202.053329
195.546661
63.102222
62.959999
59.013332
54.959999
56.666668
59.368889
58.986668
58.382221
67.128891
59.591110
58.213333
59.546665
56.915554
58.977779
58.613335
59.475555
58.951111
59.182220
55.324444
59.617779
59.048889
59.306667
54.391109
57.688889
57.831112
58.328888
56.382221
59.937778
59.635555
58.302223
57.555557
78.720001
58.888889
63.564445
64.506668
59.146667
59.004444
60.035557
56.666668
59.937778
59.991112
52.924446
58.862221
59.191113
57.511112
58.328888
59.697777
58.275555
58.160000
59.262222
61.751110
59.066666
59.582222
60.168888
53.964443
59.964443
59.475555
61.484444
57.351112
60.186668
59.173332
57.484444
59.537777
55.555557
58.124443
56.773335
53.066666
58.302223
59.386665
60.017776
67.226669
59.360001
59.475555
59.182220
59.360001
58.915554
59.182220
59.253334
54.222221
58.364445
58.782223
57.946667
59.840000
57.279999
59.493332
59.751110
58.791111
55.226665
49.617779
58.008888
57.057777
55.715557
58.986668
56.755554
57.982224
57.475555
52.835556
59.688889
59.484444
58.373333
59.004444
54.266666
57.946667
58.204445
59.555557
63.617779
54.897778
58.373333
58.222221
59.902222
58.791111
57.537777
56.844444
59.671112
58.728889
57.502224
57.404446
58.284443
51.822224
58.720001
57.884445
56.204445
51.599998
54.000000
59.413334
54.462223
59.617779
58.400002
58.782223
67.555557
63.315556
56.924446
54.444443
59.644444
59.306667
59.591110
56.551109
59.022221
54.462223
55.191113
57.084446
58.871113
57.662224
56.586666
57.911110
59.093334
58.417778
55.928890
57.111111
56.560001
58.373333
64.773331
54.328888
44.506668
52.568890
44.168888
50.097778
53.066666
56.106667
51.137779
55.662224
58.906666
55.840000
62.542221
57.626667
57.253334
54.702221
55.404446
56.977779
55.599998
53.022221
61.031113
58.880001
56.231110
55.093334
58.026669
55.822224
57.057777
57.928890
57.119999
62.808887
57.048889
63.671112
58.515556
58.657776
59.626667
55.671112
51.804443
59.244446
57.751110
67.982224
58.942223
56.657776
56.080002
59.297779
55.342224
57.040001
57.271111
57.644444
56.231110
59.413334
51.759998
58.284443
56.106667
58.666668
50.880001
54.977779
58.533333
58.675556
57.484444
55.617779
58.337776
67.279999
59.457779
58.435555
56.044445
57.564445
59.048889
58.008888
58.026669
52.364445
55.386665
57.848888
55.031113
55.555557
55.697777
54.595554
53.982224
55.004444
53.911110
60.853333
68.302223
58.631111
54.702221
55.208889
72.595558
59.271111
69.262222
63.733334
54.817780
59.235554
58.177776
56.711113
