386.700012
369.519989
359.902222
328.746674
335.475555
300.497772
300.408875
300.533325
299.111115
258.071106
292.648895
138.586670
147.893326
143.022217
138.497772
144.888885
146.800003
141.066666
146.124451
141.813339
146.791107
196.320007
193.484451
238.088882
200.968887
200.506668
200.435562
200.488892
243.031113
204.417770
202.684448
144.684448
205.244446
146.320007
147.102219
143.706665
142.995560
144.631104
144.062225
145.333328
146.533340
139.253326
257.902222
145.582230
248.462219
146.977783
242.248886
143.324448
204.515549
196.160004
130.195557
129.839996
139.653336
149.146667
141.724442
130.168884
136.311111
138.391113
131.004440
128.737778
128.968887
185.066666
77.680000
72.524445
62.186668
77.599998
66.302223
63.119999
63.493332
57.840000
54.080002
54.595554
60.275555
68.488892
56.968887
57.724445
64.817780
58.497776
64.524445
61.431110
60.248890
56.915554
57.955555
58.702221
55.040001
63.439999
62.408890
47.591110
66.693336
56.328888
63.368889
61.377777
58.257778
53.582222
55.724445
54.320000
66.684448
63.511112
61.831112
51.324444
63.991112
42.284443
59.040001
51.004444
68.426666
75.199997
57.333332
58.657776
68.844444
70.488892
43.048889
47.066666
53.048889
52.933334
52.684444
49.013332
51.066666
51.493332
46.533333
50.106667
42.702221
52.862221
61.893333
47.004444
46.720001
53.022221
48.577778
45.715557
50.266666
56.684444
47.928890
48.293335
52.177776
47.475555
53.635555
50.604443
46.168888
47.155556
50.728889
47.617779
47.591110
50.933334
51.742222
55.813332
51.448891
49.422222
50.373333
50.586666
49.555557
50.613335
49.982224
48.915554
51.840000
50.293335
48.417778
52.915554
52.044445
50.808887
59.822224
47.777779
51.875557
51.235554
50.773335
50.248890
59.759998
48.835556
49.759998
48.942223
50.346668
53.217777
49.644444
50.213333
51.146667
45.991112
40.835556
53.351112
52.515556
51.546665
49.937778
51.848888
49.119999
50.053333
51.511112
59.822224
55.208889
49.279999
48.240002
49.422222
51.599998
48.417778
51.111111
52.195557
53.066666
51.973331
44.826668
49.813332
48.222221
49.937778
52.115555
48.924446
46.364445
45.093334
49.360001
57.786667
46.577778
49.288887
48.453335
50.257778
44.168888
47.733334
50.346668
69.066666
45.848888
43.048889
47.982224
51.057777
49.413334
49.635555
50.639999
52.648888
51.768890
47.137779
47.599998
50.302223
45.013332
44.577778
42.933334
48.782223
50.986668
50.417778
47.688889
49.031113
48.728889
49.413334
55.288887
53.715557
50.533333
47.502224
44.568890
50.586666
46.151112
49.662224
52.444443
49.831112
50.231110
46.480000
45.075554
47.448891
48.728889
46.320000
42.888889
