   1.06879265
   1.04896555
   1.04896555
   1.03536096
   1.01850645
   1.01850645
   1.00538401
   1.00522812
   1.00104722
   0.98991769
   0.98824393
   0.98621992
   0.97694198
   0.97694198
   0.96882689
   0.96131570
   0.96131570
   0.95701202
   0.95694303
   0.95499140
   0.94975099
   0.94816464
   0.94753202
   0.94694085
   0.94530116
   0.93733545
   0.93706027
   0.93458937
   0.93314658
   0.93314658
   0.93227609
   0.93195138
   0.92802546
   0.92677016
   0.92494916
   0.92292981
   0.92286658
   0.92245802
   0.92186035
   0.92065492
   0.91921502
   0.91889260
   0.91889260
   0.91688188
   0.91620291
   0.91585613
   0.91330377
   0.91259314
   0.91228812
   0.91140727
   0.91115581
   0.91054776
   0.91052344
   0.90686262
   0.90622755
   0.90484539
   0.90388701
   0.90170808
   0.90170808
   0.90099289
   0.89636419
   0.89371703
   0.89371703
   0.89347391
   0.89347391
   0.89066613
   0.89066613
   0.89060231
   0.89060231
   0.88660297
   0.88555687
   0.88555687
   0.88520994
   0.87980666
   0.87923585
   0.87480828
   0.87268189
   0.87127458
   0.87051470
   0.87036445
   0.87035894
   0.86374639
   0.85946542
   0.85922788
   0.84819051
   0.84690261
   0.84121283
   0.83774978
   0.83765605
   0.83682953
   0.83610825
   0.83605035
   0.83514339
   0.83323465
   0.82630204
   0.82077461
   0.82077461
   0.82077461
   0.81632474
   0.81382730
   0.06546511
   0.08222007
   0.05891718
   0.00010001
   0.18535049
   0.00010001
   0.12737618
   0.09343006
   0.00010001
   0.09902529
   0.00010001
   0.07296872
   0.00010001
   0.00010001
   0.12816031
   0.12530826
   0.00010001
   0.09057911
   0.07033574
   0.05214255
   0.00010001
   0.00010001
   0.08336507
   0.00010001
   0.00010001
   0.00010001
   0.00010001
   0.12958858
   0.00010001
   0.06119763
   0.34933239
   0.28009704
   0.00010001
   0.00010001
   0.10248399
   0.00010001
   0.16550568
   0.16550568
   0.00010001
   0.17689865
   0.00010001
   0.07570140
   0.24576461
   0.00010001
   0.00010001
   0.08225648
   0.05540414
   0.46981866
   0.00010001
   0.00010001
   0.00010001
   0.00010001
   0.00010001
   0.05222943
   0.00010001
   0.00010001
   0.00010001
   0.00010001
   0.07550561
   0.06041298
   0.00010001
   0.00010001
   0.16269718
   0.00010001
   0.00010001
   0.12223731
   0.00010001
   0.06536902
   0.10355269
   0.05772329
   0.06700428
   0.00010001
   0.00010001
   0.12381524
   0.07564923
   0.00010001
   0.30978768
   0.00010001
   0.00010001
   0.05313443
   0.05313443
   0.00010001
   0.00010001
   0.00010001
   0.00010001
   0.57692289
   0.11682475
   0.11682475
   0.00010001
   0.00010001
   0.04428813
   0.00010001
   0.00010001
   0.00010001
   0.00010001
   0.19061825
   0.00010001
   0.00010001
   0.00010001
   0.00010001
