   0.29892644
   0.71891501
   0.60737169
   0.55187399
   0.44102609
   0.41962119
   0.41258339
   0.39632324
   0.39525180
   0.36881355
   0.36425965
   0.36425965
   0.36004716
   0.35918773
   0.35877136
   0.34195652
   0.33974768
   0.33638495
   0.32654335
   0.32224808
   0.32006049
   0.29521236
   0.31352749
   0.29580550
   0.29521236
   0.29373863
   0.27930710
   0.27689004
   0.27166983
   0.26724147
   0.26541904
   0.26144231
   0.25972084
   0.25917438
   0.25830664
   0.25416111
   0.25389679
   0.25224400
   0.24416022
   0.24140906
   0.23890953
   0.23817015
   0.23564384
   0.23563453
   0.22539428
   0.22501827
   0.22004388
   0.21762680
   0.21620936
   0.21598499
   0.00010001
   0.28682183
   0.14934549
   0.18125590
   0.00010001
   0.00010001
   0.07572938
   0.00010001
   0.07089719
   0.00010001
   0.71891501
   0.04974298
   0.00010001
   0.06425127
   0.11774231
   0.00010001
   0.00010001
   0.11804456
   0.00010001
   0.00010001
   0.07781076
   0.00010001
   0.00010001
   0.20830187
   0.00010001
   0.11601117
   0.00010001
   0.12712266
   0.04121133
   0.00010001
   0.00010001
   0.00010001
   0.00010001
   0.00010001
   0.00010001
   0.06605037
   0.00010001
   0.00010001
   0.00010001
   0.00010001
   0.00010001
   0.00010001
   0.17546984
   0.08662501
   0.13211804
   0.00010001
   0.08078552
   0.00010001
   0.00010001
   0.13340556
