386.700012
357.457764
310.097778
302.480011
258.195557
210.373337
205.333328
201.626663
222.657776
219.235550
232.648895
217.626663
157.724442
138.586670
147.377777
141.182220
129.697784
121.697777
129.431107
110.622223
114.879997
37.795555
35.262222
31.662222
30.257778
39.279999
39.911110
37.653332
33.822224
34.933334
32.959999
36.924446
37.235554
32.506668
32.515556
40.026669
39.697777
36.284443
33.813332
40.711113
37.191113
29.768888
35.235554
43.457779
33.635555
32.782223
34.906666
26.524445
21.208889
17.484444
29.164444
23.795555
37.217777
24.977777
34.968887
27.262222
27.982222
25.022223
31.635555
30.017778
31.920000
19.440001
15.031111
9.013333
18.080000
11.040000
9.724444
14.835556
13.208889
13.706667
11.804444
12.213333
15.555555
12.035556
12.951111
19.226667
21.191111
9.848889
15.440000
14.773334
16.782223
17.831112
13.591111
15.751111
11.466666
7.946667
12.533334
12.080000
12.177778
10.960000
20.328888
16.035555
12.133333
18.506666
14.284445
18.142221
15.013333
16.008888
17.982222
13.288889
17.342222
19.697779
15.146667
14.862223
13.902223
17.546667
16.622223
13.822222
14.897778
13.324445
13.013333
19.040001
18.959999
13.582222
16.000000
13.137777
15.333333
12.337778
12.871111
18.177778
15.244445
18.017778
9.946667
12.728889
17.520000
15.324445
12.631111
19.955555
12.897778
15.191112
15.200000
12.346666
17.600000
16.471111
12.097777
12.693334
15.537778
15.342222
16.115555
15.146667
15.306666
14.168889
16.862223
16.373333
17.431110
18.284445
17.004444
16.435556
15.191112
12.506667
13.884444
15.155556
13.502222
13.866667
17.146667
15.351111
16.248888
15.600000
18.124445
17.368889
20.666666
14.791111
13.448889
16.000000
16.346666
18.115555
15.982223
17.173334
12.835556
15.164444
16.311111
19.360001
16.871111
16.995556
13.288889
13.235556
13.102222
17.875555
16.213333
11.911111
16.542223
20.008888
13.173333
13.688889
14.648889
15.191112
22.444445
12.773334
21.084444
20.088888
17.733334
14.631111
20.524445
14.808888
24.337778
15.715555
17.173334
11.875556
10.071111
13.200000
10.391111
15.591111
19.662222
12.826667
7.688889
15.093333
21.493334
14.480000
17.111111
14.142222
14.613334
11.448889
24.782223
19.146667
18.151112
18.577778
14.026667
7.635556
6.124444
9.760000
14.177778
12.168889
7.048889
12.551111
20.133333
20.631111
8.035556
10.248889
15.591111
14.782222
14.088889
16.444445
19.217777
6.737778
12.915556
14.080000
13.582222
18.106667
10.097777
13.555555
11.048889
18.631111
12.195556
15.262222
19.875555
10.222222
21.244444
20.124445
19.208889
20.728889
22.328888
