386.700012
349.519989
315.475555
318.382233
299.715546
257.920013
201.084442
227.919998
206.808884
206.373337
213.493332
198.746674
218.008896
199.742218
203.733337
205.217773
260.764435
216.364441
215.937775
216.151108
200.391113
203.582230
236.622223
206.657776
180.844452
131.306671
121.484444
112.862221
98.693336
93.066666
12.551111
15.662222
5.111111
11.226666
10.488889
14.426666
21.795555
5.226666
23.271111
8.400000
5.040000
10.622222
4.995555
10.186666
13.955556
14.631111
8.391111
19.964445
19.751112
15.004444
9.404445
24.204445
11.644444
10.177778
17.964445
11.217778
13.253333
24.631111
11.395555
11.333333
9.155556
13.831111
8.106667
18.631111
9.146667
11.466666
8.568889
17.768888
12.560000
5.600000
25.831112
6.862222
5.848889
10.506667
9.040000
11.804444
10.168889
8.942223
16.497778
6.222222
7.671111
8.835556
12.853333
8.311111
8.186666
9.422222
6.897778
11.288889
9.360000
6.373333
10.675555
11.742222
8.071111
7.413333
6.924445
7.155556
12.631111
5.724444
13.351111
7.342222
6.435555
4.408889
11.235556
4.275556
9.413333
10.702222
5.715556
8.248889
26.435556
20.471111
25.040001
25.386667
24.639999
31.120001
23.342222
25.555555
28.240000
24.177778
9.564445
11.573334
13.528889
10.942223
24.213333
15.635555
7.120000
13.813334
17.457777
19.182222
7.173333
4.613333
9.573334
13.600000
18.586666
9.004444
11.128889
5.715556
7.288889
10.240000
12.248889
8.862223
12.995556
15.288889
5.822222
8.142222
9.324445
14.835556
6.488889
9.280000
10.240000
6.124444
6.062222
12.284445
15.902223
7.173333
8.106667
8.720000
16.382223
8.586667
6.835556
10.844444
4.648889
10.337778
8.755555
4.177778
9.733334
7.075555
7.546667
8.773334
12.231112
7.262222
5.662222
8.231112
9.484445
11.262222
10.604445
16.293333
11.226666
11.928889
7.706666
7.173333
12.933333
13.235556
10.586667
17.404444
8.666667
19.742222
6.097778
20.355556
15.635555
23.546667
13.511111
10.737778
8.986667
14.577778
7.777778
13.822222
6.231111
10.640000
15.431111
9.573334
11.617778
8.648889
9.600000
9.360000
18.248888
12.364445
9.191112
9.360000
12.488889
4.888889
6.720000
6.897778
7.137778
13.528889
9.564445
13.466666
7.626667
5.466667
9.493333
5.448889
15.902223
7.271111
11.413333
13.706667
8.488889
6.328889
5.128889
8.053333
5.484445
7.493333
7.635556
8.631111
7.600000
7.342222
8.231112
13.760000
8.515555
8.924444
10.408889
9.511111
8.613334
11.288889
4.400000
11.244445
6.551111
5.182222
10.648889
12.915556
8.951111
11.342222
11.137777
