1	0	6	5.962	2
2	0	6	5.8	2
3	0	6	5.636	2
4	0	6	5.486	2
5	0	6	5.284	2
6	0	6	5.15	2
7	0	6	5.04	2
8	0	6	4.83	2
9	0	6	4.756	2
10	0	6	4.628	2
11	0	6	4.536	2
12	0	6	4.434	2
13	0	6	4.306	2
14	0	6	4.162	2
15	0	6	4.03	2
16	0	5	3.95	2
17	0	5	3.84	2
18	0	5	3.746	2
19	0	5	3.644	2
20	0	5	3.54	2
21	0	5	3.444	2
22	0	4	3.364	2
23	0	4	3.324	2
24	0	4	3.276	2
25	0	4	3.22	2
26	0	4	3.192	2
27	0	4	3.14	2
28	0	4	3.084	2
29	0	4	3.048	2
30	0	4	2.964	2
31	0	4	2.928	2
32	0	4	2.86	2
33	0	4	2.816	2
34	0	4	2.768	2
35	0	4	2.704	2
36	0	4	2.696	2
37	0	4	2.648	2
38	0	4	2.592	2
39	0	4	2.548	2
40	0	4	2.484	2
41	0	4	2.416	2
42	0	4	2.336	2
43	0	4	2.292	2
44	0	4	2.228	2
45	0	4	2.18	2
46	0	4	2.064	2
47	0	2	2	2
48	0	2	2	2
49	0	2	2	2
50	0	2	2	2
51	0	2	2	2
52	0	2	2	2
53	0	2	2	2
54	0	2	2	2
55	0	2	2	2
56	0	2	2	2
57	0	2	2	2
58	0	2	2	2
59	0	2	2	2
60	0	2	2	2
61	0	2	2	2
62	0	2	2	2
63	0	2	2	2
64	0	2	2	2
65	0	2	2	2
66	0	2	2	2
67	0	2	2	2
68	0	2	2	2
69	0	2	2	2
70	0	2	2	2
71	0	2	2	2
72	0	2	2	2
73	0	2	2	2
74	0	2	2	2
75	0	2	2	2
76	0	2	2	2
77	0	2	2	2
78	0	2	2	2
79	0	2	2	2
80	0	2	2	2
81	0	2	2	2
82	0	2	2	2
83	0	2	2	2
84	0	2	2	2
85	0	2	2	2
86	0	2	2	2
87	0	2	2	2
88	0	2	2	2
89	0	2	2	2
90	0	2	2	2
91	0	2	2	2
92	0	2	2	2
93	0	2	2	2
94	0	2	2	2
95	0	2	2	2
96	0	2	2	2
97	0	2	2	2
98	0	2	2	2
99	0	2	2	2
100	0	2	2	2
101	0	2	2	2
102	0	2	2	2
103	0	2	2	2
104	0	2	2	2
105	0	2	2	2
106	0	2	2	2
107	0	2	2	2
108	0	2	2	2
109	0	2	2	2
110	0	2	2	2
111	0	2	2	2
112	0	2	2	2
113	0	2	2	2
114	0	2	2	2
115	0	2	2	2
116	0	2	2	2
117	0	2	2	2
118	0	2	2	2
119	0	2	2	2
120	0	2	2	2
121	0	2	2	2
122	0	2	2	2
123	0	2	2	2
124	0	2	2	2
125	0	2	2	2
126	0	2	2	2
127	0	2	2	2
128	0	2	2	2
129	0	2	2	2
130	0	2	2	2
131	0	2	2	2
132	0	2	2	2
133	0	2	2	2
134	0	2	2	2
135	0	2	2	2
136	0	2	2	2
137	0	2	2	2
138	0	2	2	2
139	0	2	2	2
140	0	2	2	2
141	0	2	2	2
142	0	2	2	2
143	0	2	2	2
144	0	2	2	2
145	0	2	2	2
146	0	2	2	2
147	0	2	2	2
148	0	2	2	2
149	0	2	2	2
150	0	2	2	2
151	0	2	2	2
152	0	2	2	2
153	0	2	2	2
154	0	2	2	2
155	0	2	2	2
156	0	2	2	2
157	0	2	2	2
158	0	2	2	2
159	0	2	2	2
160	0	2	2	2
161	0	2	2	2
162	0	2	2	2
163	0	2	2	2
164	0	2	2	2
165	0	2	2	2
166	0	2	2	2
167	0	2	2	2
168	0	2	2	2
169	0	2	2	2
170	0	2	2	2
171	0	2	2	2
172	0	2	2	2
173	0	2	2	2
174	0	2	2	2
175	0	2	2	2
176	0	2	2	2
177	0	2	2	2
178	0	2	2	2
179	0	2	2	2
180	0	2	2	2
181	0	2	2	2
182	0	2	2	2
183	0	2	2	2
184	0	2	2	2
185	0	2	2	2
186	0	2	2	2
187	0	2	2	2
188	0	2	2	2
189	0	2	2	2
190	0	2	2	2
191	0	2	2	2
192	0	2	2	2
193	0	2	2	2
194	0	2	2	2
195	0	2	2	2
196	0	2	2	2
197	0	2	2	2
198	0	2	2	2
199	0	2	2	2
200	0	2	2	2
201	0	2	2	2
202	0	2	2	2
203	0	2	2	2
204	0	2	2	2
205	0	2	2	2
206	0	2	2	2
207	0	2	2	2
208	0	2	2	2
209	0	2	2	2
210	0	2	2	2
211	0	2	2	2
212	0	2	2	2
213	0	2	2	2
214	0	2	2	2
215	0	2	2	2
216	0	2	2	2
217	0	2	2	2
218	0	2	2	2
219	0	2	2	2
220	0	2	2	2
221	0	2	2	2
222	0	2	2	2
223	0	2	2	2
224	0	2	2	2
225	0	2	2	2
226	0	2	2	2
227	0	2	2	2
228	0	2	2	2
229	0	2	2	2
230	0	2	2	2
231	0	2	2	2
232	0	2	2	2
233	0	2	2	2
234	0	2	2	2
235	0	2	2	2
236	0	2	2	2
237	0	2	2	2
238	0	2	2	2
239	0	2	2	2
240	0	2	2	2
241	0	2	2	2
242	0	2	2	2
243	0	2	2	2
244	0	2	2	2
245	0	2	2	2
246	0	2	2	2
247	0	2	2	2
248	0	2	2	2
249	0	2	2	2
250	0	2	2	2
251	0	2	2	2
252	0	2	2	2
253	0	2	2	2
254	0	2	2	2
255	0	2	2	2
256	0	2	2	2
257	0	2	2	2
258	0	2	2	2
259	0	2	2	2
260	0	2	2	2
261	0	2	2	2
262	0	2	2	2
263	0	2	2	2
264	0	2	2	2
265	0	2	2	2
266	0	2	2	2
267	0	2	2	2
268	0	2	2	2
269	0	2	2	2
270	0	2	2	2
271	0	2	2	2
272	0	2	2	2
273	0	2	2	2
274	0	2	2	2
275	0	2	2	2
276	0	2	2	2
277	0	2	2	2
278	0	2	2	2
279	0	2	2	2
280	0	2	2	2
281	0	2	2	2
282	0	2	2	2
283	0	2	2	2
284	0	2	2	2
285	0	2	2	2
286	0	2	2	2
287	0	2	2	2
288	0	2	2	2
289	0	2	2	2
290	0	2	2	2
291	0	2	2	2
292	0	2	2	2
293	0	2	2	2
294	0	2	2	2
295	0	2	2	2
296	0	2	2	2
297	0	2	2	2
298	0	2	2	2
299	0	2	2	2
300	0	2	2	2
301	0	2	2	2
302	0	2	2	2
303	0	2	2	2
304	0	2	2	2
305	0	2	2	2
306	0	2	2	2
307	0	2	2	2
308	0	2	2	2
309	0	2	2	2
310	0	2	2	2
311	0	2	2	2
312	0	2	2	2
313	0	2	2	2
314	0	2	2	2
315	0	2	2	2
316	0	2	2	2
317	0	2	2	2
318	0	2	2	2
319	0	2	2	2
320	0	2	2	2
321	0	2	2	2
322	0	2	2	2
323	0	2	2	2
324	0	2	2	2
325	0	2	2	2
326	0	2	2	2
327	0	2	2	2
328	0	2	2	2
329	0	2	2	2
330	0	2	2	2
331	0	2	2	2
332	0	2	2	2
333	0	2	2	2
334	0	2	2	2
335	0	2	2	2
336	0	2	2	2
337	0	2	2	2
338	0	2	2	2
339	0	2	2	2
340	0	2	2	2
341	0	2	2	2
342	0	2	2	2
343	0	2	2	2
344	0	2	2	2
345	0	2	2	2
346	0	2	2	2
347	0	2	2	2
348	0	2	2	2
349	0	2	2	2
350	0	2	2	2
351	0	2	2	2
352	0	2	2	2
353	0	2	2	2
354	0	2	2	2
355	0	2	2	2
356	0	2	2	2
357	0	2	2	2
358	0	2	2	2
359	0	2	2	2
360	0	2	2	2
361	0	2	2	2
362	0	2	2	2
363	0	2	2	2
364	0	2	2	2
365	0	2	2	2
366	0	2	2	2
367	0	2	2	2
368	0	2	2	2
369	0	2	2	2
370	0	2	2	2
371	0	2	2	2
372	0	2	2	2
373	0	2	2	2
374	0	2	2	2
375	0	2	2	2
376	0	2	2	2
377	0	2	2	2
378	0	2	2	2
379	0	2	2	2
380	0	2	2	2
381	0	2	2	2
382	0	2	2	2
383	0	2	2	2
384	0	2	2	2
385	0	2	2	2
386	0	2	2	2
387	0	2	2	2
388	0	2	2	2
389	0	2	2	2
390	0	2	2	2
391	0	2	2	2
392	0	2	2	2
393	0	2	2	2
394	0	2	2	2
395	0	2	2	2
396	0	2	2	2
397	0	2	2	2
398	0	2	2	2
399	0	2	2	2
400	0	2	2	2
401	0	2	2	2
402	0	2	2	2
403	0	2	2	2
404	0	2	2	2
405	0	2	2	2
406	0	2	2	2
407	0	2	2	2
408	0	2	2	2
409	0	2	2	2
410	0	2	2	2
411	0	2	2	2
412	0	2	2	2
413	0	2	2	2
414	0	2	2	2
415	0	2	2	2
416	0	2	2	2
417	0	2	2	2
418	0	2	2	2
419	0	2	2	2
420	0	2	2	2
421	0	2	2	2
422	0	2	2	2
423	0	2	2	2
424	0	2	2	2
425	0	2	2	2
426	0	2	2	2
427	0	2	2	2
428	0	2	2	2
429	0	2	2	2
430	0	2	2	2
431	0	2	2	2
432	0	2	2	2
433	0	2	2	2
434	0	2	2	2
435	0	2	2	2
436	0	2	2	2
437	0	2	2	2
438	0	2	2	2
439	0	2	2	2
440	0	2	2	2
441	0	2	2	2
442	0	2	2	2
443	0	2	2	2
444	0	2	2	2
445	0	2	2	2
446	0	2	2	2
447	0	2	2	2
448	0	2	2	2
449	0	2	2	2
450	0	2	2	2
451	0	2	2	2
452	0	2	2	2
453	0	2	2	2
454	0	2	2	2
455	0	2	2	2
456	0	2	2	2
457	0	2	2	2
458	0	2	2	2
459	0	2	2	2
460	0	2	2	2
461	0	2	2	2
462	0	2	2	2
463	0	2	2	2
464	0	2	2	2
465	0	2	2	2
466	0	2	2	2
467	0	2	2	2
468	0	2	2	2
469	0	2	2	2
470	0	2	2	2
471	0	2	2	2
472	0	2	2	2
473	0	2	2	2
474	0	2	2	2
475	0	2	2	2
476	0	2	2	2
477	0	2	2	2
478	0	2	2	2
479	0	2	2	2
480	0	2	2	2
481	0	2	2	2
482	0	2	2	2
483	0	2	2	2
484	0	2	2	2
485	0	2	2	2
486	0	2	2	2
487	0	2	2	2
488	0	2	2	2
489	0	2	2	2
490	0	2	2	2
491	0	2	2	2
492	0	2	2	2
493	0	2	2	2
494	0	2	2	2
495	0	2	2	2
496	0	2	2	2
497	0	2	2	2
498	0	2	2	2
499	0	2	2	2
500	0	2	2	2
