1	46	44.98	44
2	47	44.93	44
3	47	44.98	44
4	47	45.15	44
5	47	45.2	44
6	47	45.31	43
7	47	45.34	43
8	48	45.53	43
9	48	45.6	43
10	49	45.7	43
11	49	45.72	43
12	49	45.85	43
13	50	45.9	43
14	50	45.86	42
15	50	46.03	42
16	50	46.3	44
17	50	46.63	44
18	50	46.87	44
19	50	46.89	44
20	50	46.78	44
21	50	47.11	44
22	52	47.46	45
23	52	47.63	45
24	52	47.88	45
25	52	48.02	45
26	52	48.45	45
27	53	48.53	45
28	53	48.82	46
29	53	49.11	46
30	53	49.26	46
31	53	49.44	45
32	54	49.36	45
33	54	49.68	45
34	55	49.86	46
35	55	50.02	46
36	55	50.19	46
37	55	50.19	47
38	55	50.19	46
39	55	50.29	46
40	55	50.59	47
41	56	50.63	46
42	56	50.33	46
43	56	50.68	47
44	56	50.89	47
45	57	51.42	46
46	58	51.36	46
47	58	51.69	48
48	58	52.08	48
49	59	52.19	47
50	59	52.83	48
51	59	52.78	48
52	59	53.09	49
53	59	52.97	49
54	59	52.99	48
55	59	52.97	49
56	59	52.88	48
57	59	53.1	49
58	59	53.31	48
59	59	53.65	48
60	61	53.86	49
61	61	54.14	48
62	61	54.53	51
63	61	55.03	51
64	61	54.99	49
65	62	54.7	49
66	62	55.08	50
67	62	54.96	49
68	62	55.1	48
69	62	55.27	51
70	62	55.37	51
71	62	55.38	51
72	62	55.8	51
73	63	56.16	52
74	63	56.43	52
75	64	56.38	52
76	64	57.17	52
77	64	57.39	52
78	64	57.54	53
79	64	57.92	54
80	64	58.22	54
81	65	58.91	54
82	65	59.11	55
83	65	59.25	55
84	65	59.5	55
85	65	59.55	55
86	65	59.31	53
87	65	59.28	54
88	65	59.54	55
89	66	59.74	54
90	66	60.07	56
91	67	59.94	54
92	67	60.15	55
93	67	60.9	56
94	67	61.13	55
95	67	61.3	56
96	67	61.69	54
97	67	62.18	56
98	67	62.67	56
99	68	63	56
100	68	63.01	56
101	68	63.15	59
102	69	63.21	59
103	69	63.54	58
104	69	63.7	59
105	70	63.64	59
106	70	64.12	58
107	70	64.09	59
108	70	64.89	60
109	71	65.12	60
110	71	65.4	61
111	71	65.53	61
112	71	65.55	61
113	72	66.09	62
114	72	66.09	62
115	72	66.19	61
116	72	66.01	61
117	72	65.8	61
118	72	65.9	61
119	73	66.24	61
120	73	66.5	62
121	73	66.64	63
122	73	66.61	61
123	73	66.9	61
124	73	67.21	63
125	73	67.55	64
126	73	67.7	64
127	73	67.9	64
128	73	67.89	63
129	73	67.81	63
130	73	68.28	63
131	73	68.39	62
132	73	67.93	62
133	73	68.38	62
134	73	68.39	63
135	73	68.41	62
136	73	68.41	64
137	73	68.4	63
138	73	68.05	63
139	73	68.26	64
140	74	68.49	62
141	74	69.15	65
142	74	69.08	64
143	75	69.1	65
144	75	69.11	66
145	75	69.06	66
146	75	69.17	65
147	75	69.28	64
148	75	69.29	63
149	75	69.23	66
150	75	69.41	65
151	75	69.29	64
152	76	69.37	65
153	76	69.5	65
154	76	69.78	66
155	76	70.08	65
156	76	69.87	65
157	76	69.87	66
158	77	70.09	66
159	77	70.35	66
160	77	70.54	66
161	77	70.65	66
162	78	70.83	65
163	78	70.89	65
164	78	71.06	67
165	78	71.4	67
166	78	71.66	65
167	78	72.17	68
168	78	72.52	69
169	78	72.7	69
170	78	72.92	68
171	78	73.3	67
172	78	73.68	70
173	79	73.94	69
174	79	74.04	69
175	79	74.03	68
176	79	74.68	69
177	81	75.01	69
178	81	74.98	70
179	81	74.94	70
180	81	75.43	71
181	81	75.62	72
182	81	75.83	72
183	81	75.66	72
184	81	75.79	71
185	81	75.94	71
186	82	75.77	70
187	82	76.19	72
188	82	76.46	73
189	82	76.41	72
190	82	76.14	71
191	82	76.21	70
192	82	76.48	71
193	82	76.39	72
194	83	76.66	70
195	83	76.83	72
196	83	77.22	72
197	83	77.25	71
198	83	77.27	71
199	83	77.13	72
200	83	77.44	71
201	83	77.46	73
202	83	77.73	72
203	83	77.91	72
204	83	77.68	71
205	83	77.63	74
206	83	77.65	73
207	83	77.69	72
208	83	77.48	73
209	83	77.74	73
210	83	77.9	73
211	83	77.51	72
212	84	77.43	72
213	84	77.14	72
214	84	77.51	72
215	84	77.79	74
216	84	77.82	71
217	84	77.76	73
218	84	78.18	73
219	84	78.41	73
220	84	78.54	72
221	85	78.67	74
222	85	78.2	74
223	85	78.49	72
224	85	78.54	73
225	85	78.83	74
226	85	78.78	74
227	85	78.91	74
228	85	78.96	74
229	85	79.48	74
230	85	79.76	75
231	85	79.95	75
232	85	80.19	72
233	85	80.31	72
234	86	80.5	75
235	86	80.45	76
236	86	80.57	77
237	86	80.21	76
238	86	80.42	76
239	86	80.66	77
240	87	80.73	74
241	87	81.11	75
242	87	81.38	76
243	87	81.21	76
244	87	81.44	77
245	87	81.66	77
246	87	81.77	76
247	87	82.18	76
248	87	82.49	78
249	87	82.38	78
250	87	82.37	78
251	87	82.4	79
252	87	82.44	77
253	87	82.62	78
254	87	82.31	78
255	87	82.63	79
256	87	82.87	79
257	87	83.26	79
258	88	83.57	80
259	88	83.26	80
260	88	83.57	78
261	89	83.52	79
262	89	83.34	78
263	89	83.57	79
264	89	83.85	79
265	89	83.77	80
266	89	83.68	80
267	89	83.97	80
268	89	84.17	79
269	89	84.19	79
270	89	84.32	81
271	89	84.07	81
272	89	84.07	81
273	89	84.18	81
274	89	84.32	81
275	89	84.32	81
276	89	84.49	79
277	89	84.47	79
278	89	84.48	79
279	89	84.31	80
280	89	84.39	78
281	89	84.34	80
282	89	84.51	80
283	90	84.27	80
284	90	84.6	78
285	90	84.51	80
286	90	84.66	81
287	90	85.14	81
288	90	84.98	81
289	90	84.81	81
290	90	84.92	80
291	90	85.12	80
292	90	85.32	81
293	90	85.7	82
294	90	85.73	82
295	90	85.87	81
296	90	85.92	79
297	90	86.24	80
298	90	86.47	82
299	90	86.6	82
300	90	86.44	82
301	90	86.26	82
302	90	86.48	82
303	90	86.72	84
304	90	86.86	83
305	90	87.02	83
306	90	86.83	81
307	90	86.67	83
308	90	86.72	82
309	90	86.83	84
310	90	86.62	83
311	90	86.68	83
312	90	86.69	84
313	90	86.91	82
314	90	87.09	84
315	90	87.03	84
316	90	87.01	83
317	90	86.65	83
318	90	86.78	83
319	90	86.95	81
320	90	87.14	84
321	90	87.01	83
322	90	86.65	82
323	90	86.42	81
324	90	86.42	83
325	90	86.43	83
326	90	86.32	83
327	90	86.36	83
328	90	86.5	82
329	90	86.57	82
330	90	86.53	83
331	90	86.54	84
332	90	86.55	83
333	90	86.48	83
334	90	86.44	82
335	90	86.41	83
336	90	86.45	84
337	90	86.64	83
338	90	86.77	82
339	90	86.92	84
340	90	87.08	83
341	90	87.04	82
342	90	87.31	84
343	90	87.23	83
344	90	87.51	83
345	90	87.46	84
346	90	87.4	85
347	90	87.42	84
348	90	87.56	84
349	90	87.82	84
350	90	87.86	84
351	90	87.77	85
352	90	87.81	85
353	90	87.79	84
354	90	87.95	84
355	90	87.89	83
356	90	87.99	85
357	90	88.14	85
358	90	88.17	85
359	90	88.53	86
360	90	88.55	86
361	90	88.54	86
362	90	88.76	87
363	90	88.87	86
364	90	88.82	86
365	90	88.9	86
366	90	89.19	87
367	90	89.26	87
368	90	89.24	87
369	90	89.26	87
370	90	89.41	87
371	90	89.45	88
372	90	89.52	88
373	90	89.53	88
374	90	89.63	87
375	90	89.72	88
376	90	89.68	88
377	90	89.74	88
378	90	89.76	88
379	90	89.84	88
380	90	89.79	88
381	90	89.88	89
382	90	89.92	88
383	90	89.82	88
384	90	89.84	88
385	90	89.84	89
386	90	89.93	89
387	90	89.91	89
388	90	89.89	88
389	90	89.87	89
390	90	89.97	89
391	90	89.91	89
392	90	89.89	88
393	90	89.92	89
394	90	89.89	88
395	90	89.83	89
396	90	89.89	89
397	90	89.88	88
398	90	89.78	88
399	90	89.86	88
400	90	89.82	89
