386.700012
338.471100
276.666656
270.035553
310.684448
288.888885
177.759995
237.448883
236.977783
240.968887
196.915558
287.093323
138.711105
136.426666
144.711105
126.915558
126.044441
192.711105
186.142227
141.839996
187.155548
126.311111
127.235558
125.724442
121.004448
124.871109
117.057777
123.733330
128.933334
120.684448
195.786667
126.800003
130.968887
128.382217
138.960007
123.591110
142.364441
189.973328
189.404449
125.697777
125.031113
137.804443
124.106667
125.128891
138.186661
124.595558
122.684448
121.484444
124.862221
132.951111
123.591110
124.986664
123.066666
147.431107
135.582230
124.737778
131.866669
151.244446
210.515549
101.706665
101.804443
101.271111
99.431114
100.186668
110.986664
100.062225
103.057777
100.284447
98.879997
110.142220
70.462219
71.866669
71.857780
78.471107
72.977776
91.564445
72.284447
87.288887
106.888885
77.066666
75.502220
86.995552
79.013336
76.844444
81.448891
65.831108
65.013336
81.155556
61.333332
63.928890
80.684448
73.804443
65.991112
66.728889
66.808891
68.879997
83.724442
86.577774
81.857780
82.320000
91.155556
83.822220
83.528893
91.146667
84.959999
85.626663
88.906670
110.462219
99.680000
97.964447
99.928886
97.368889
101.262222
99.848892
97.795555
102.879997
122.062225
101.164444
98.879997
100.231110
96.080002
101.360001
100.284447
101.813332
99.440002
104.622223
106.017776
101.333336
98.986664
123.608887
93.120003
87.431114
105.102219
87.164444
108.115555
97.351112
94.177780
91.528893
93.315552
94.302223
105.368889
98.737778
107.733330
111.626663
94.879997
89.937775
110.408890
96.800003
92.382225
92.071114
118.506668
74.222221
80.364441
79.324448
75.057777
92.915558
77.804443
82.720001
108.835556
127.440002
112.417778
92.711113
89.146667
112.346664
110.862221
97.982224
100.604446
105.626663
91.928886
88.995552
83.324448
87.688889
90.168892
105.537781
89.519997
83.680000
85.013336
86.346664
92.417778
88.106667
98.062225
85.093330
85.831108
87.519997
96.924446
90.817780
97.955559
39.991112
46.382221
57.386665
50.186668
52.257778
51.191113
51.546665
54.337776
57.217777
54.639999
51.813332
56.008888
59.368889
57.137779
53.386665
56.595554
54.613335
51.982224
55.502224
54.693333
58.480000
51.626667
60.382221
54.231110
54.755554
52.222221
61.795555
53.591110
51.857777
57.840000
71.066666
64.746666
47.902222
47.546665
47.928890
47.697777
56.382221
50.657776
52.408890
53.697777
51.795555
46.897778
52.702221
55.404446
54.391109
51.537777
62.453335
53.680000
51.893333
58.880001
53.840000
58.017776
56.337776
58.222221
55.173332
57.840000
61.973331
56.115555
59.351112
62.551109
61.066666
60.320000
58.711113
86.177780
