386.700012
334.951111
331.911102
353.111115
321.804443
216.168884
203.422226
178.639999
176.080002
176.346664
191.075562
175.786667
175.804443
179.297775
178.577774
176.204437
186.764450
179.199997
189.679993
196.897781
203.537781
189.600006
186.657776
189.413330
185.448883
179.066666
181.413330
186.835556
188.542221
189.768890
195.484451
317.582214
114.755554
124.648888
129.555557
191.662216
135.884445
123.902222
131.208893
186.622223
133.884445
192.071106
120.897781
122.657776
132.675552
137.555557
113.599998
117.911110
130.248886
127.102219
41.902222
36.799999
40.240002
35.608891
42.408890
43.786667
41.031113
53.840000
55.111111
43.875557
42.906666
47.155556
51.351112
51.680000
62.835556
70.959999
49.040001
50.106667
49.768890
67.475555
65.724442
47.084446
51.928890
55.448891
82.773331
49.031113
50.613335
51.662224
57.048889
53.217777
49.582222
50.168888
61.466667
49.511112
49.911110
49.911110
48.915554
51.955555
49.902222
54.560001
44.275555
41.973331
42.657776
47.591110
46.755554
46.986668
45.466667
49.573334
44.844444
46.862221
47.022221
52.097778
55.048889
46.275555
50.906666
47.235554
44.551109
41.146667
41.528889
45.528889
42.871113
44.080002
49.733334
54.168888
48.835556
49.351112
49.831112
48.648888
50.177776
48.595554
50.213333
59.537777
52.959999
50.417778
45.368889
45.146667
50.560001
41.777779
40.995556
43.822224
41.591110
48.080002
45.902222
43.475555
44.515556
47.048889
40.791111
44.817780
42.648888
40.426666
45.306667
46.097778
46.737778
39.751110
42.924446
40.888889
40.995556
46.133335
40.835556
40.746666
49.724445
46.337776
43.155556
49.262222
46.177776
43.333332
51.244446
47.804443
50.951111
52.097778
52.613335
53.226665
50.480000
53.706665
43.706665
51.075554
41.724445
50.462223
61.680000
53.066666
47.742222
48.666668
41.422222
45.297779
57.315556
38.826668
45.831112
39.493332
38.951111
49.715557
41.795555
38.977779
46.044445
48.044445
43.093334
43.795555
45.662224
53.057777
42.648888
44.622223
46.453335
40.400002
49.564445
43.840000
43.155556
52.595554
41.217777
43.804443
45.360001
47.617779
40.231110
47.742222
52.639999
50.124443
47.697777
48.213333
49.066666
46.924446
49.804443
46.755554
50.071110
52.151112
41.768890
47.173332
49.351112
52.204445
43.573334
46.782223
57.653332
50.586666
48.782223
42.880001
40.373333
46.728889
48.382221
39.528889
42.551109
42.942223
38.995556
42.791111
36.782223
38.346668
46.266666
46.826668
42.417778
45.919998
41.084446
49.884445
43.466667
46.231110
41.520000
40.204445
38.035557
48.817780
35.475555
44.551109
45.457779
38.266666
37.706665
43.768890
46.035557
