386.700012
336.337769
336.693329
336.337769
298.915558
246.684448
198.977783
181.688889
177.573334
275.093323
254.622223
275.582214
232.773331
250.444443
234.391113
279.982208
243.262222
253.546661
188.755554
210.559998
242.399994
183.804443
119.742226
124.391113
122.720001
186.355560
125.066666
118.151108
118.222221
181.271118
130.204437
125.182220
124.977776
182.631104
120.888885
125.599998
127.733330
126.088890
128.257782
132.186661
133.662216
134.346664
129.653336
132.008896
126.355553
128.622223
154.915558
146.328888
141.786667
146.657776
130.968887
132.000000
133.902222
132.453339
124.808891
128.808884
126.915558
130.417770
124.017776
131.502228
148.968887
207.537781
124.204445
126.382225
144.995560
130.195557
126.595558
128.915558
126.453331
148.773331
140.844452
135.431107
175.608887
122.124443
127.706665
127.964447
136.773331
185.857773
125.866669
130.986664
128.151108
124.177780
155.431107
133.271118
128.559998
120.986664
127.564445
128.711105
129.573334
161.066666
161.662216
159.413330
171.662216
157.848892
162.817780
188.862228
219.786667
163.688889
163.706665
160.240005
160.906662
160.693329
164.773331
166.266663
163.600006
160.080002
163.422226
223.022217
177.039993
108.248886
108.737778
105.831108
111.857780
102.764442
105.884445
89.084442
89.528893
90.862221
90.675552
87.733330
88.186668
94.071114
108.879997
85.448891
88.284447
87.182220
118.177780
91.688889
116.853333
90.373337
85.253334
90.702225
88.239998
85.608887
88.248886
85.297775
88.328888
85.857780
105.457779
85.306664
88.862221
85.528893
85.688889
88.248886
126.480003
87.066666
87.048889
90.800003
92.551109
91.342224
88.400002
90.702225
87.795555
87.982224
127.342224
87.893333
88.106667
91.342224
121.937775
117.608887
85.671112
86.862221
89.146667
85.360001
127.511108
91.484444
87.057777
95.368889
91.288887
92.737778
95.208885
95.466667
95.919998
113.582222
94.808891
90.666664
84.417778
92.924446
95.688889
93.937775
94.213333
88.044441
90.595558
91.813332
92.728889
90.657776
94.968887
91.955559
87.093330
91.742226
88.044441
92.702225
88.000000
97.226669
94.755554
92.328888
88.506668
89.342224
91.519997
92.986664
91.919998
92.942223
88.568886
105.680000
87.351112
95.075554
99.822220
91.599998
91.768890
94.453331
92.800003
88.613335
89.155556
102.097778
94.675552
96.595558
89.128891
92.542221
92.080002
87.635559
114.088890
100.373337
92.764442
86.871109
89.004448
95.591110
131.137772
95.528893
86.400002
105.386665
86.124443
89.093330
88.480003
116.088890
87.333336
92.666664
89.555557
93.279999
115.431114
124.942223
101.946663
92.888885
95.653336
124.435555
92.195557
88.053337
88.337776
118.853333
94.115555
98.133331
92.764442
