386.700012
346.151123
349.857788
282.862213
280.231110
279.440002
286.791107
280.382233
275.297791
295.164459
288.791107
287.866669
236.293335
250.835556
237.644440
239.813339
246.791107
235.164444
237.128891
242.711105
239.902222
233.466660
238.880005
260.640015
232.071106
235.048889
237.057785
244.462219
238.177780
256.168884
155.919998
177.440002
158.515549
161.937775
185.164444
159.644440
202.462219
183.253326
184.488892
183.075562
191.626663
195.217773
187.360001
174.337784
184.168884
170.791107
162.728882
163.759995
175.573334
171.848892
179.688889
159.253326
163.831116
158.133331
156.808884
158.684448
156.168884
154.168884
169.733337
157.591110
154.320007
158.097778
185.973328
169.893326
146.871109
132.000000
127.217781
182.782227
165.831116
130.764450
129.759995
130.942215
212.471115
131.288895
140.800003
146.053329
46.506668
51.537777
44.631111
52.604443
46.462223
55.324444
45.520000
39.048889
43.484444
39.742222
39.262222
42.897778
38.648888
38.177776
39.919998
39.288887
40.542221
39.253334
42.391109
41.128887
41.208889
41.324444
43.075554
37.573334
9.031111
11.164444
16.693333
15.084444
14.240000
14.480000
9.128889
9.786667
13.404445
14.408889
11.608889
14.320000
15.306666
13.680000
19.235556
9.253333
10.248889
19.004444
8.008889
11.706667
14.906667
12.000000
15.795555
8.888889
12.151111
9.911111
14.480000
24.568890
19.920000
10.364445
11.191112
11.048889
10.364445
5.200000
10.044444
11.653334
7.546667
13.208889
5.493333
6.275556
7.644444
2.293333
7.395555
5.280000
15.493333
25.297777
10.631111
6.026667
11.075556
13.386666
11.875556
12.426666
12.160000
17.626667
18.257778
20.151112
21.457777
19.315556
18.835556
18.133333
19.128889
20.293333
17.191111
15.475555
17.680000
14.115556
8.275556
8.533334
9.386666
7.155556
11.351111
7.911111
10.826667
8.871111
8.835556
7.466667
7.928889
8.666667
6.408889
10.311111
11.546667
9.973333
11.208889
11.475555
17.235556
21.448889
16.693333
20.231112
12.871111
13.564445
14.204445
13.662222
17.626667
17.244444
22.400000
23.964445
19.724445
20.888889
23.528889
24.408890
28.586666
28.133333
25.964445
23.644444
27.475555
27.022223
26.933332
26.400000
23.217777
24.773333
24.533333
26.471111
27.564444
26.906666
25.875555
28.631111
25.617777
25.626667
23.475555
25.271111
24.097778
24.684444
25.671112
27.253334
22.808889
30.924444
26.355556
27.644444
26.213333
26.168888
27.253334
23.546667
27.084444
26.320000
24.088888
25.200001
26.257778
26.382223
26.435556
28.124445
27.946667
19.235556
18.942223
22.373333
19.697779
22.222221
25.706667
22.702223
24.782223
22.959999
25.440001
