386.700012
335.182220
338.195557
186.382217
186.426666
132.631104
114.835556
123.146667
124.186668
124.124443
124.524445
123.093330
124.257774
123.599998
123.182220
123.617775
123.902222
123.466667
125.235558
123.893333
128.720001
124.302223
135.288895
128.195557
127.057777
131.182220
127.297775
126.639999
127.048889
127.466667
127.564445
127.448891
128.666672
129.777771
138.328888
127.226669
127.306664
126.453331
127.262222
127.742226
138.417770
126.657776
128.346664
126.871109
126.613335
130.435562
139.155548
127.564445
127.448891
129.084442
127.946663
127.457779
127.360001
126.915558
135.582230
134.008896
138.160004
130.853333
133.084442
129.244446
135.795563
127.333336
127.217781
154.266663
144.800003
163.102219
129.635559
134.355560
130.471115
147.004440
134.444443
139.600006
50.462223
51.724445
62.986668
67.617775
63.919998
63.511112
71.724442
63.306667
79.306664
77.306664
68.791115
69.066666
62.231110
68.293335
63.013332
71.919998
62.577778
62.551109
65.297775
68.071114
62.044445
63.928890
73.839996
62.115555
63.093334
64.284447
63.928890
61.759998
62.853333
63.911110
62.862221
64.053337
62.231110
62.826668
62.817780
62.568890
63.795555
63.066666
76.337776
66.355553
70.844444
72.764442
63.928890
67.528893
61.982224
61.884445
63.928890
62.720001
62.391109
62.782223
62.631111
62.791111
72.506668
40.524445
36.053333
52.995556
67.031113
46.799999
59.075554
45.848888
53.475555
45.173332
49.795555
44.799999
61.146667
70.480003
61.582222
72.488892
68.568886
65.804443
61.155556
67.511108
78.800003
76.648888
69.448891
66.320000
67.475555
66.320000
66.080002
66.195557
66.195557
76.737778
76.879997
62.764446
62.328888
62.711113
63.182220
62.959999
62.782223
66.595558
62.835556
73.128891
67.360001
64.097778
61.893333
77.360001
79.946663
63.733334
66.346664
80.035553
62.791111
63.271111
65.813332
73.431114
64.168892
65.351112
71.982224
36.337776
49.902222
51.724445
62.346668
62.444443
61.751110
67.475555
61.848888
74.675552
64.862221
62.604443
61.626667
63.662224
62.497776
66.524445
64.355553
62.248890
75.128891
61.795555
72.773331
66.151108
62.613335
62.355556
62.808887
74.071114
61.644444
72.951111
63.128887
62.906666
73.048889
62.933334
64.097778
63.653332
67.822220
64.284447
72.844444
66.444443
65.653336
42.302223
44.426666
51.635555
50.853333
39.795555
50.720001
52.586666
33.564445
31.440001
43.351112
36.204445
41.573334
35.288887
37.582222
62.737778
52.657776
66.808891
70.168892
56.782223
56.871113
57.635555
65.564445
58.453335
55.697777
68.080002
55.822224
56.515556
56.995556
57.608891
57.831112
58.133335
57.937778
65.262222
36.995556
