386.700012
341.982208
294.462219
247.564438
268.959991
239.671112
249.786667
223.244446
181.119995
180.515549
230.915558
194.551117
181.226669
188.035553
209.004440
192.515549
194.426666
199.342224
195.244446
205.537781
193.537781
205.991104
207.031113
192.968887
197.271118
189.582230
203.644440
207.271118
195.546661
192.657776
197.413330
194.035553
193.093338
194.124451
202.017776
247.706665
186.808884
194.097778
192.711105
189.146667
189.804443
187.662216
195.937775
188.684448
193.626663
191.617783
174.800003
126.115555
133.217773
128.702225
125.128891
126.595558
197.440002
126.551109
128.284439
131.973328
132.373337
123.973335
122.302223
123.297775
122.639999
123.697777
120.275558
120.426666
122.302223
122.239998
121.022224
125.155556
123.075554
135.342224
120.702225
129.262222
123.653336
123.466667
130.408890
122.853333
129.626663
45.875557
47.146667
45.386665
53.582222
44.168888
39.457779
46.959999
43.777779
40.231110
62.053333
40.871113
41.324444
44.862221
49.564445
47.315556
48.639999
44.168888
45.306667
50.320000
50.568890
46.142223
45.813332
40.426666
41.288887
39.751110
40.746666
39.466667
48.008888
43.875557
45.840000
44.017776
44.142223
50.817780
49.528889
41.253334
50.542221
48.702221
46.311111
42.915554
45.955555
46.542221
46.266666
36.595554
40.782223
34.791111
53.502224
38.648888
44.444443
39.235554
50.462223
52.026669
53.360001
59.537777
51.511112
51.964443
48.835556
51.902222
60.355556
56.533333
58.568890
52.000000
57.208889
56.488888
54.622223
60.533333
50.133335
52.533333
51.226665
50.071110
55.795555
52.248890
60.595554
52.782223
65.511108
56.008888
51.448891
49.662224
44.933334
42.000000
50.951111
55.360001
56.906666
59.653332
69.128891
55.840000
56.008888
55.742222
59.866665
64.488892
55.235554
47.733334
41.004444
42.106667
43.315556
40.524445
47.164444
41.937778
47.804443
38.915554
39.102222
46.053333
44.026669
47.733334
47.875557
39.688889
45.688889
44.071110
38.071110
47.173332
38.284443
43.502224
44.933334
55.093334
45.022221
41.004444
36.462223
43.537777
47.706665
38.968887
36.888889
37.244446
45.893333
40.373333
36.346668
39.635555
37.066666
37.484444
36.204445
36.240002
47.759998
36.382221
42.942223
40.782223
37.751110
36.435555
36.168888
39.555557
46.008888
36.320000
42.862221
36.213333
41.582222
42.053333
39.182220
42.026669
46.311111
34.702221
35.040001
40.871113
43.057777
41.146667
39.715557
42.115555
43.119999
42.906666
36.373333
38.737778
43.528889
47.928890
35.484444
37.537777
44.097778
41.537777
40.000000
41.831112
38.044445
42.186668
41.128887
41.857777
44.355556
41.511112
40.506668
40.791111
38.942223
