386.700012
333.955566
335.279999
324.622223
309.991119
314.053345
277.279999
279.271118
297.484436
272.888885
273.617767
271.271118
267.013336
262.186676
259.057770
245.991104
238.773331
271.733337
245.777771
243.937775
288.115570
290.480011
286.826660
283.955566
278.657776
276.880005
179.688889
175.706665
179.902222
178.515549
180.479996
175.839996
175.662216
176.968887
115.484444
118.559998
113.422226
113.146667
112.106667
113.742226
115.120003
115.342224
110.151108
30.782223
32.462223
34.871113
32.880001
37.493332
33.128887
32.711113
32.417778
33.466667
35.217777
30.959999
31.600000
34.266666
34.408890
35.439999
33.119999
33.964443
30.471111
33.804443
34.026669
31.902222
32.746666
32.728889
29.448889
35.599998
30.364445
32.373333
37.075554
32.853333
35.191113
35.439999
34.675556
33.946667
34.657776
37.982224
32.408890
35.297779
35.688889
35.040001
36.000000
33.111111
37.057777
31.831112
33.893333
32.924446
33.368889
29.617777
32.906666
30.186666
35.457779
27.022223
28.559999
27.208889
28.924444
17.342222
24.000000
22.000000
30.080000
24.311111
21.413334
27.964445
24.151112
23.991112
23.093334
23.191111
23.928888
30.026667
27.715555
34.488888
25.262222
27.964445
29.528889
30.417778
25.048889
20.915556
27.306667
23.315556
22.604445
26.471111
28.142221
29.955555
18.711111
24.195555
22.302221
26.559999
22.142221
19.617777
20.702223
26.968889
25.911112
36.595554
26.586666
25.137777
26.577778
21.040001
30.328888
26.631111
26.195555
22.266666
26.151112
49.786667
28.666666
44.106667
23.973333
29.084444
27.768888
24.604445
23.297777
24.204445
30.551111
22.791111
25.360001
22.053333
26.959999
27.342222
26.071112
27.911112
23.848888
27.991112
24.373333
31.271111
25.360001
29.280001
23.973333
25.066668
26.879999
28.195555
31.742222
35.475555
33.777779
29.928888
28.435556
24.044445
26.195555
26.728889
25.564444
25.120001
28.586666
25.448889
26.808889
21.724445
20.035555
22.168888
26.008888
24.071112
29.448889
24.017778
28.097778
20.231112
19.608889
23.777779
28.631111
25.502222
23.093334
29.200001
26.631111
21.600000
31.280001
29.333334
25.768888
26.115555
22.177778
27.040001
24.728889
25.840000
31.191111
25.413334
20.595556
24.471111
25.217777
29.377777
28.204445
21.484444
26.639999
25.013334
19.360001
18.933332
25.066668
26.844444
20.631111
28.008888
21.502222
26.968889
23.102222
28.462223
22.515556
20.568890
21.991112
24.933332
19.688889
26.248888
24.391111
20.657778
20.391111
24.844444
26.924444
21.333334
21.937778
29.395555
24.062222
26.071112
24.480000
29.617777
26.719999
26.871111
26.817778
29.297777
20.871111
