386.700012
335.493347
299.484436
299.884430
303.635559
257.324432
205.199997
248.204437
294.177765
267.591125
261.768890
267.022217
270.124451
274.577789
230.666672
228.266663
229.093338
224.835556
219.546661
229.315552
230.951111
225.573334
227.084442
232.880005
220.408890
230.186661
241.164444
229.973328
212.915558
226.284439
227.875549
221.884445
214.791107
169.839996
161.448883
162.880005
159.822220
165.617783
170.595551
172.897781
176.311111
104.720001
76.417778
73.946663
77.199997
76.844444
74.622223
75.475555
65.884445
72.435555
70.559998
73.626663
71.306664
76.800003
75.768890
73.351112
76.542221
78.524445
71.724442
77.182220
84.515556
80.586670
70.497780
71.911110
83.102219
77.377777
77.804443
74.888885
73.866669
72.542221
75.813332
72.071114
74.115555
71.733330
77.653336
76.204445
76.071114
72.311111
70.408890
68.959999
70.382225
74.328888
67.919998
73.182220
69.235558
73.546669
74.746666
73.457779
76.355553
71.262222
79.288887
72.373337
69.315552
81.680000
76.773331
77.395554
74.106667
67.448891
75.271111
77.395554
73.599998
72.924446
73.644447
72.906670
69.511108
74.195557
71.235558
74.471107
78.746666
72.782219
69.395554
74.515556
68.524445
72.168892
71.822220
73.440002
71.866669
68.657776
77.022224
69.528893
74.702225
72.728889
73.742226
70.800003
75.626663
74.995552
73.537781
66.480003
66.195557
70.257774
74.168892
71.715553
65.528893
71.457779
72.977776
76.666664
72.711113
71.875557
73.626663
75.608887
75.599998
70.737778
66.631111
69.306664
72.382225
70.844444
69.395554
72.684448
69.839996
68.888885
73.626663
69.946663
72.213333
75.937775
80.177780
77.519997
74.711113
73.991112
77.671112
73.937775
77.422226
79.644447
74.826668
74.337776
77.519997
76.480003
74.533333
71.422226
74.124443
76.044441
73.440002
76.782219
73.404442
72.400002
75.839996
73.288887
70.648888
71.075554
73.671112
71.422226
71.760002
67.964447
73.031113
72.239998
70.160004
70.951111
73.120003
76.248886
71.244446
71.697777
77.866669
74.782219
77.244446
74.773331
73.795555
72.231110
75.146667
79.537781
77.555557
75.075554
73.279999
69.217781
71.244446
79.013336
74.195557
76.577774
70.426666
68.835556
82.639999
70.257774
72.897781
71.262222
71.182220
83.697777
72.675552
71.911110
74.986664
71.928886
71.288887
75.057777
71.937775
77.448891
66.933334
73.271111
72.320000
74.675552
67.911110
78.826668
71.680000
66.853333
75.333336
73.191109
76.426666
68.195557
74.791115
76.204445
73.795555
68.773331
69.191109
78.160004
76.444443
69.831108
73.306664
72.995552
70.328888
73.884445
69.902222
66.755554
69.511108
73.288887
91.475555
