386.700012
336.595551
355.564453
307.448883
324.008881
303.359985
328.844452
290.168884
331.351105
293.813324
315.528900
317.448883
321.911102
330.257782
311.662231
287.191101
242.088882
235.839996
251.928894
194.035553
168.746674
165.893326
161.839996
161.297775
173.235550
169.244446
164.782227
174.293335
166.408890
165.404449
167.431107
158.524445
157.448883
225.022217
150.622223
104.568886
100.951111
102.862221
96.915558
35.680000
42.631111
42.657776
53.973331
52.862221
43.324444
43.342224
47.342224
45.973331
52.115555
57.546665
59.119999
44.728889
35.822224
43.973331
49.235554
37.475555
40.693333
42.604443
50.826668
42.364445
44.408890
34.444443
41.537777
39.022221
55.066666
34.026669
45.457779
34.604443
30.044445
32.248890
34.515556
43.431110
37.066666
34.897778
35.991112
36.328888
36.515556
34.586666
31.715555
31.280001
40.337776
37.555557
32.364445
29.893333
33.306667
28.355556
28.275555
29.715555
26.497778
37.128887
33.866665
29.706667
27.395555
28.782223
29.102222
29.226667
28.240000
27.093334
30.337778
29.244444
27.671112
24.071112
30.755556
21.760000
21.271111
22.773333
23.786667
28.551111
25.866667
24.853333
27.368889
28.044445
29.697779
37.013332
29.502222
24.648890
30.817778
33.768890
30.408890
30.879999
32.284443
27.555555
33.502224
26.275555
38.017776
34.702221
33.848888
30.097778
34.026669
35.128887
27.128889
31.502222
30.586666
27.662222
37.093334
37.591110
32.968887
38.586666
28.933332
35.875557
31.973333
30.355556
38.328888
28.906666
29.191111
31.680000
31.804445
23.697779
26.657778
32.195557
36.302223
36.000000
26.337778
29.377777
32.853333
23.262222
31.164444
23.466667
20.933332
30.497778
34.791111
28.151112
26.595556
35.271111
29.760000
29.155556
26.311111
22.995556
25.600000
27.022223
26.533333
28.213333
31.271111
20.160000
22.000000
42.213333
25.724445
25.724445
23.822222
20.373333
15.564445
20.346666
20.817778
18.373333
27.857779
27.217777
27.582222
33.991112
33.928890
34.115555
33.502224
34.711113
33.768890
30.808889
33.048889
34.746666
37.235554
33.617779
31.564444
33.688889
33.991112
33.573334
33.182220
29.804445
31.155556
34.133335
30.115555
32.453335
32.933334
30.435556
33.128887
33.262222
26.417778
32.017776
32.355556
28.000000
31.413334
33.573334
33.137779
35.448891
31.342222
32.728889
34.337776
34.080002
35.555557
32.746666
30.026667
34.435555
32.017776
30.631111
33.964443
33.973331
33.031113
31.653334
38.666668
33.235554
34.622223
31.493334
32.675556
34.035557
33.742222
33.653332
33.866665
35.439999
34.035557
33.537777
28.799999
35.377777
31.200001
33.457779
33.333332
