386.700012
340.053345
335.484436
333.804443
314.088898
279.902222
296.168884
276.720001
300.044434
309.928894
249.635559
320.720001
190.293335
284.097778
239.919998
246.373337
244.044449
122.693336
131.297775
125.893333
127.848892
129.555557
131.084442
128.631104
132.399994
133.715561
184.746674
127.733330
192.115555
189.662216
276.995544
238.408890
130.915558
133.208893
129.271118
131.884445
129.297775
131.893326
131.208893
131.395554
132.222229
131.626663
131.404449
129.324448
127.697777
53.493332
55.733334
57.448891
51.164444
56.213333
56.302223
54.702221
55.297779
56.142223
51.662224
55.520000
52.986668
58.168888
58.595554
56.666668
56.533333
56.551109
55.928890
44.364445
57.457779
57.946667
54.391109
57.528889
52.737778
55.253334
59.599998
54.462223
54.666668
56.337776
56.186668
56.462223
51.857777
54.328888
54.888889
52.657776
51.893333
56.222221
42.346668
55.991112
52.435555
53.759998
52.462223
56.382221
53.395557
56.008888
56.622223
56.497776
57.031113
60.657776
50.826668
56.257778
56.062222
58.284443
55.004444
58.186668
58.346668
56.213333
58.426666
56.000000
54.471111
56.897778
55.173332
54.613335
55.573334
58.115555
57.688889
51.137779
56.782223
54.062222
55.262222
57.493332
56.408890
57.262222
57.680000
53.342224
57.857777
57.831112
56.791111
56.008888
45.848888
48.275555
56.471111
53.155556
52.808887
53.413334
57.173332
57.368889
48.506668
59.635555
58.702221
63.315556
61.324444
60.328888
61.582222
54.639999
49.040001
50.959999
59.591110
58.515556
50.808887
52.302223
49.511112
42.488888
49.662224
48.480000
43.048889
53.733334
54.160000
43.040001
53.217777
55.031113
47.617779
54.764446
52.977779
54.088890
50.417778
59.351112
51.546665
54.560001
57.093334
53.982224
60.195557
61.022221
54.657776
53.040001
48.373333
53.520000
57.208889
48.151112
51.759998
52.755554
53.484444
49.226665
49.919998
48.275555
48.222221
54.071110
62.257778
53.964443
54.711113
58.097778
54.728889
55.840000
48.613335
55.279999
47.857777
52.515556
47.759998
49.795555
56.524445
63.102222
55.911110
61.919998
58.959999
59.324444
53.733334
51.520000
49.466667
41.866665
49.048889
45.022221
43.111111
51.031113
41.377777
41.840000
40.728889
29.582222
33.955555
36.444443
35.831112
46.168888
46.844444
38.142223
39.128887
46.595554
37.822224
44.568890
26.471111
25.680000
26.293333
28.026667
31.306667
32.702221
28.515556
26.862223
26.915556
21.644444
22.506666
22.488890
22.657778
18.622223
21.244444
29.226667
22.364445
23.262222
21.671112
21.600000
26.168888
25.546667
24.462223
21.093334
28.426666
22.204445
23.084444
20.711111
17.244444
