386.700012
345.173340
332.915558
334.720001
332.275543
337.688904
275.653320
274.977783
309.742218
279.795563
302.302216
297.831116
303.937775
307.635559
309.688904
294.435547
301.617767
309.484436
311.964447
292.071106
291.200012
341.119995
337.271118
197.822220
213.919998
216.186661
212.880005
166.426666
169.271118
170.435562
160.408890
162.471115
179.706665
236.426666
220.622223
222.417770
215.831116
217.733337
209.315552
78.044441
74.355553
76.071114
79.368889
69.271111
79.760002
71.875557
73.955559
74.115555
78.506668
77.048889
74.622223
73.671112
68.302223
71.902222
62.453335
75.946663
74.497780
75.262222
70.177780
70.328888
70.115555
68.746666
70.586670
68.391113
72.711113
69.111115
72.951111
73.048889
67.768890
75.991112
71.084442
71.004448
73.848892
72.275558
73.964447
87.653336
90.177780
86.480003
105.777779
92.071114
86.817780
86.657776
89.626663
89.084442
84.968887
88.968887
86.879997
88.320000
89.697777
87.680000
89.333336
88.391113
89.982224
85.208885
81.831108
91.217781
96.480003
89.137779
77.635559
87.013336
78.355553
83.084442
88.177780
87.413330
83.911110
84.400002
85.173332
94.755554
83.253334
95.644447
94.471107
81.724442
83.546669
84.186668
86.293335
96.257774
90.959999
79.875557
88.088890
75.982224
84.106667
81.031113
91.617775
85.511108
85.688889
97.368889
92.071114
88.826668
96.417778
102.995552
104.417778
113.591110
97.839996
117.173332
107.937775
110.639999
101.680000
110.897781
102.008888
119.342224
117.653336
111.635559
106.959999
109.591110
102.337776
116.168892
108.248886
132.986664
100.835556
107.422226
93.635559
109.199997
109.644447
113.760002
114.195557
99.937775
92.631111
103.902222
94.551109
99.715553
99.431114
93.440002
97.457779
94.906670
90.959999
89.288887
96.942223
112.524445
91.164444
93.466667
97.324448
87.235558
91.848892
107.066666
101.964447
95.857780
91.573334
99.528893
84.195557
94.746666
89.137779
94.639999
94.026665
102.142220
87.795555
90.097778
99.608887
99.724442
80.195557
97.484444
92.951111
91.182220
102.497780
84.666664
89.279999
89.964447
96.684448
98.115555
89.937775
96.835556
87.599998
98.942223
94.684448
90.737778
101.048889
103.937775
89.653336
87.235558
100.506668
97.057777
98.488892
99.804443
94.142220
102.746666
94.639999
104.613335
87.226669
95.786667
93.146667
88.924446
93.013336
96.595558
99.333336
89.155556
91.333336
85.351112
93.431114
96.826668
104.951111
91.502220
95.839996
95.191109
94.346664
91.635559
99.724442
96.373337
92.000000
96.844444
94.551109
96.551109
112.293335
94.631111
90.808891
95.893333
104.657776
94.471107
98.346664
99.688889
95.839996
94.275558
96.284447
