386.700012
334.577789
294.711121
291.946655
302.515564
213.679993
189.982224
216.097778
185.528885
214.266663
200.160004
200.320007
178.391113
248.995560
237.902222
352.391113
353.519989
352.293335
352.044434
340.320007
306.817780
224.888885
217.777771
217.377777
217.182220
218.142227
220.960007
224.355560
223.688889
224.186661
237.324448
222.568893
239.253326
282.257782
276.337769
223.191116
222.568893
225.777771
294.817780
324.862213
283.671112
238.471115
75.564445
75.102219
69.066666
74.115555
74.400002
70.791115
70.071114
75.333336
73.706665
72.773331
77.084442
74.888885
77.013336
73.875557
63.715557
71.617775
76.293335
75.884445
74.906670
74.826668
72.533333
77.084442
74.746666
70.977776
72.044441
74.684448
74.488892
73.795555
73.511108
74.391113
74.488892
74.488892
73.333336
75.599998
75.128891
71.653336
72.408890
62.880001
71.813332
73.048889
73.786667
72.551109
70.533333
73.324448
72.702225
72.942223
74.826668
71.413330
71.093330
75.706665
75.893333
75.386665
71.893333
72.462219
73.831108
73.760002
75.217781
72.053337
72.373337
74.684448
74.062225
73.902222
73.537781
74.160004
72.320000
74.622223
71.822220
73.351112
72.506668
71.946663
67.617775
72.195557
72.151108
72.542221
72.773331
71.102219
72.800003
70.195557
70.257774
71.599998
72.773331
73.751114
73.226669
71.226669
72.088890
75.013336
73.635559
74.035553
73.422226
72.373337
71.839996
72.533333
75.502220
73.191109
72.817780
75.048889
73.164444
76.071114
74.497780
73.440002
74.968887
75.573334
71.288887
73.831108
71.199997
75.448891
70.453331
68.639999
71.279999
71.546669
70.631111
70.186668
72.595558
71.537781
71.057777
71.928886
72.311111
71.955559
72.453331
70.631111
70.968887
71.733330
72.284447
72.942223
73.386665
70.391113
74.666664
70.879997
75.226669
71.466667
70.888885
71.671112
70.791115
69.537781
70.213333
69.919998
69.253334
65.911110
71.973335
72.266670
74.071114
71.431114
76.755554
73.591110
76.248886
74.977776
72.666664
67.777779
73.582222
67.155556
73.297775
69.733330
74.284447
67.146667
74.711113
69.493332
74.373337
80.275558
71.608887
68.151108
71.573334
71.377777
69.573334
72.337776
70.764442
72.933334
73.893333
70.195557
73.226669
68.080002
70.817780
70.959999
71.564445
69.120003
66.346664
72.844444
66.097778
62.240002
62.675556
64.142220
63.919998
63.875557
63.048889
64.124443
63.813332
60.400002
64.311111
64.871109
65.315552
63.635555
60.844444
65.733330
67.155556
63.235554
65.715553
65.342224
60.906666
59.377777
57.733334
69.822220
68.000000
66.559998
61.431110
58.062222
61.439999
58.284443
57.857777
60.622223
59.466667
