386.700012
339.262207
299.040009
314.239990
317.102234
319.173340
274.231110
221.457779
212.986664
223.146667
197.208893
200.124451
139.528885
130.017776
136.737778
141.537781
128.355560
134.168884
132.035553
138.871109
139.679993
140.462219
133.679993
111.928886
173.671112
7.164444
19.271111
21.751112
16.417778
12.017777
16.817778
12.542222
14.657778
19.920000
27.902222
22.417778
22.213333
26.924444
24.648890
20.240000
21.137777
25.137777
16.631111
36.471111
16.204445
19.368889
15.964444
12.417778
26.853333
25.128889
25.680000
23.066668
25.493334
27.333334
20.373333
23.537777
23.537777
28.266666
33.431110
24.053333
23.582222
23.271111
21.768888
27.662222
28.364445
31.822222
25.520000
29.288889
28.648890
37.626667
42.204445
36.160000
30.222221
22.755556
25.173334
23.671112
23.706667
22.773333
21.520000
17.235556
21.733334
20.168888
23.902222
19.164444
30.764444
19.804445
28.364445
22.293333
26.035555
21.795555
19.040001
23.582222
19.493334
22.275555
28.897778
24.142221
19.555555
21.884445
17.137777
25.022223
17.502222
23.288889
22.355556
25.075556
20.382223
25.697779
22.257778
24.426666
25.528889
27.457777
25.822222
18.622223
24.728889
17.662222
25.022223
23.351110
28.355556
31.626667
22.808889
22.568890
24.551111
29.662222
26.080000
24.826666
29.884445
21.271111
21.351110
17.013334
32.471111
15.075556
27.111111
13.440000
16.559999
19.600000
22.702223
22.480000
18.222221
20.737778
19.493334
23.093334
25.208889
24.906666
27.511110
25.368889
29.928888
31.946667
29.537777
23.955555
26.515556
20.373333
20.204445
23.066668
30.551111
26.817778
22.408890
24.266666
26.586666
25.395555
27.555555
25.057777
21.511110
24.942223
23.520000
25.822222
24.328888
25.582222
25.991112
23.306667
23.608889
30.755556
33.582222
27.208889
24.017778
26.311111
22.417778
25.831112
30.151112
29.368889
26.160000
31.680000
51.413334
22.871111
23.884445
22.613333
22.631111
18.995556
23.173334
26.017778
24.426666
24.897778
26.639999
21.208889
23.368889
23.653334
35.475555
19.155556
21.146667
25.075556
11.688889
12.826667
23.253334
24.071112
27.173334
16.559999
25.120001
28.080000
9.208889
19.182222
18.551111
23.911112
18.924444
17.431110
27.226667
14.648889
6.240000
6.897778
5.493333
16.382223
21.484444
18.773333
37.031113
11.182222
13.920000
16.497778
19.875555
7.866667
14.986667
32.871113
17.413334
16.675556
19.697779
8.613334
15.537778
32.213333
24.515556
18.302221
26.693333
28.302221
26.533333
50.560001
24.275555
23.511110
27.777779
27.208889
19.253334
12.071111
13.875556
29.333334
19.697779
16.480000
21.866667
