386.700012
336.088898
310.595551
295.359985
254.222229
205.013336
208.693329
196.000000
178.808884
182.151108
169.306671
194.471115
194.248886
200.195557
202.222229
210.240005
195.128891
200.995560
205.253326
198.693329
125.217781
126.728889
58.817780
55.680000
54.177776
21.573334
19.280001
24.240000
24.951111
24.675556
17.751112
16.373333
23.822222
16.444445
26.719999
33.306667
29.262222
25.546667
34.817780
19.217777
35.360001
25.964445
26.293333
28.595556
33.137779
19.431110
29.066668
33.484444
37.715557
30.408890
19.155556
32.817780
47.439999
35.786667
29.822222
27.475555
33.893333
22.817778
28.311111
31.511110
27.004444
34.204445
36.684444
33.573334
29.751112
38.862221
35.813332
28.666666
26.711111
29.982222
38.959999
36.622223
27.964445
28.035555
32.204445
32.311111
31.208889
27.226667
24.542223
34.471111
34.302223
32.835556
32.631111
28.622223
23.235556
28.195555
36.799999
28.497778
33.191113
31.235556
20.711111
27.511110
27.066668
28.951111
28.444445
21.635555
31.653334
25.751112
31.608889
27.786667
30.311111
26.240000
22.773333
29.848888
21.288889
25.875555
31.991112
31.724445
31.022223
27.600000
24.924444
18.915556
22.497778
21.271111
24.337778
29.795555
32.133335
26.719999
23.226667
16.488890
16.115555
12.924444
21.342222
27.111111
17.360001
30.275555
24.728889
19.662222
20.293333
14.826667
30.133333
32.702221
29.253334
19.582222
21.137777
30.115555
29.733334
25.457777
38.746666
27.208889
29.324444
21.333334
25.866667
25.431110
23.040001
26.088888
26.542223
21.777779
16.853333
22.604445
28.284445
23.804445
27.875555
25.315556
26.808889
23.591110
14.924444
24.906666
25.271111
18.719999
25.324444
11.120000
28.480000
28.222221
16.293333
20.791111
25.208889
26.000000
14.328889
25.502222
19.288889
21.244444
12.364445
15.377778
20.453333
18.728889
29.973333
16.382223
28.853333
30.959999
16.248888
30.906666
23.902222
26.311111
12.577778
17.244444
24.853333
22.222221
32.702221
28.168888
12.897778
28.791111
10.151111
14.204445
24.008888
17.768888
19.991112
23.857779
25.884445
19.546667
28.266666
29.591110
24.799999
20.515556
21.075556
27.600000
23.084444
16.293333
17.600000
18.755556
22.328888
23.520000
26.817778
24.186666
28.888889
26.053333
22.480000
27.111111
28.897778
12.284445
14.275556
21.626667
11.262222
21.786667
23.484444
21.324444
26.933332
18.355556
22.088888
26.266666
17.484444
20.133333
18.382223
30.124445
23.004444
33.173332
31.653334
23.644444
29.991112
19.466667
28.746666
23.333334
27.022223
29.795555
17.813334
26.071112
19.937778
23.466667
26.817778
29.111111
26.062222
