386.700012
348.097778
326.151123
316.391113
312.426666
255.537781
246.124451
226.328888
197.066666
201.733337
149.839996
142.817780
131.955551
136.924438
144.720001
134.782227
148.302216
150.097778
130.888885
136.080002
157.671112
123.448891
131.724442
112.711113
41.200001
35.057777
41.795555
41.351112
47.031113
50.551109
42.853333
50.871113
45.404446
48.897778
41.111111
44.799999
47.822224
53.608891
44.124443
39.395557
42.337776
52.684444
54.639999
51.573334
52.435555
52.888889
45.671112
54.257778
58.817780
65.306664
66.328888
61.546665
55.066666
48.764446
42.240002
56.622223
58.435555
44.648888
55.386665
63.404446
60.373333
58.639999
63.271111
66.293335
71.973335
72.222221
62.266666
66.382225
70.311111
73.208885
66.533333
77.271111
74.622223
71.573334
76.871109
76.426666
76.453331
70.097778
67.493332
78.462219
67.395554
73.706665
81.688889
75.208885
72.097778
66.675552
84.151108
78.453331
79.919998
75.386665
68.986664
76.995552
82.017776
81.911110
86.853333
74.639999
74.764442
85.608887
74.284447
71.448891
68.773331
49.991112
68.506668
74.391113
82.791115
75.466667
81.253334
71.982224
72.373337
57.813332
74.480003
72.986664
79.306664
66.017776
71.804443
50.648888
87.422226
88.675552
76.248886
72.346664
64.462219
75.626663
71.173332
89.022224
79.040001
67.377777
93.831108
65.022224
73.786667
83.644447
79.262222
82.915558
73.191109
74.773331
83.004448
77.831108
81.555557
82.328888
93.288887
88.657776
85.688889
87.048889
95.368889
92.480003
86.933334
90.755554
83.537781
77.617775
89.733330
89.911110
83.351112
89.893333
90.222221
86.435555
83.164444
59.564445
75.004448
78.480003
69.582222
65.466667
41.040001
26.853333
24.088888
32.017776
27.404444
26.444445
31.955555
37.457779
24.977777
45.848888
46.595554
30.844444
27.697779
26.071112
46.906666
29.128889
29.066668
26.906666
29.760000
46.488888
37.439999
33.493332
33.822224
45.546665
25.804445
42.435555
29.431110
43.048889
45.546665
29.253334
32.968887
57.991112
29.457777
33.759998
47.599998
38.897778
36.817780
49.902222
40.808887
35.520000
42.275555
62.035557
38.880001
42.222221
42.817780
54.560001
66.915558
39.911110
42.657776
42.773335
41.635555
44.311111
46.151112
58.959999
40.026669
54.737778
62.871113
49.413334
51.937778
37.813332
43.848888
33.822224
35.911110
46.106667
38.453335
33.111111
59.164444
35.982224
44.382221
61.822224
32.213333
42.799999
33.759998
34.577778
39.582222
61.102222
50.986668
48.622223
43.306667
41.360001
48.088890
32.648888
39.182220
39.786667
43.404446
37.404446
36.142223
40.524445
46.160000
52.408890
42.044445
