386.700012
342.026672
303.706665
294.951111
259.608887
209.288895
209.768890
203.235550
217.520004
216.311111
225.119995
232.399994
216.960007
214.871109
215.466660
209.777771
213.982224
220.346664
215.573334
205.475555
187.644440
195.777771
127.973335
128.613327
120.302223
115.564445
129.537781
124.355553
118.604446
140.337784
136.124451
124.506668
123.502220
114.648888
110.986664
126.302223
126.586670
114.586670
116.462219
39.537777
47.413334
40.035557
37.875557
44.693333
36.115555
45.377777
45.626667
43.288887
37.733334
43.768890
37.546665
45.111111
42.631111
42.995556
46.506668
41.048889
42.444443
34.675556
34.728889
30.497778
33.768890
30.204445
37.866665
33.155556
36.648888
42.408890
49.102222
32.151112
38.542221
44.604443
48.133335
25.208889
36.542221
31.288889
38.266666
41.200001
32.977779
39.128887
28.862223
23.955555
32.391109
33.013332
27.173334
38.613335
41.368889
37.466667
35.662224
36.408890
36.675556
26.471111
34.133335
33.377777
31.297777
32.959999
32.959999
40.142223
30.968889
28.222221
42.888889
39.288887
35.191113
33.422222
40.266666
48.240002
41.973331
33.964443
44.328888
44.320000
41.031113
36.373333
42.977779
44.746666
36.444443
37.662224
37.840000
42.897778
43.537777
42.880001
35.857777
35.342224
29.546667
30.711111
28.586666
42.062222
39.200001
31.208889
32.373333
37.848888
36.560001
30.853333
41.075554
41.333332
43.013332
42.746666
43.768890
47.315556
51.102222
48.764446
53.191113
52.257778
55.946667
50.515556
55.991112
51.253334
53.235554
54.657776
56.160000
49.137779
60.995556
43.768890
50.871113
42.524445
51.048889
33.813332
53.137779
51.591110
49.902222
41.315556
46.977779
40.853333
47.306667
51.422222
33.706665
30.471111
51.964443
50.782223
34.471111
53.715557
45.840000
45.662224
44.551109
41.733334
53.093334
41.599998
35.857777
39.288887
41.955555
37.911110
51.351112
38.924446
47.902222
39.653332
52.924446
49.680000
48.133335
50.284443
49.164444
46.880001
44.471111
33.902222
48.782223
39.111111
29.866667
45.279999
41.644444
41.608891
43.360001
50.515556
46.533333
58.586666
51.946667
42.106667
52.684444
40.862221
54.177776
58.062222
45.191113
54.320000
51.466667
44.639999
53.706665
52.995556
46.026669
50.737778
33.786667
41.848888
47.368889
48.986668
29.031111
38.586666
33.306667
44.186668
40.951111
40.408890
18.959999
53.759998
34.471111
50.231110
44.560001
44.302223
57.297779
37.191113
47.813332
20.044445
48.506668
47.235554
50.044445
38.462223
38.942223
31.297777
49.306667
50.426666
52.888889
40.968887
42.720001
50.186668
32.595554
57.591110
34.408890
20.284445
25.493334
