386.700012
339.057770
338.231110
304.071106
316.933319
301.991119
271.617767
218.942215
229.724442
217.564438
212.320007
138.764450
149.199997
160.115555
165.493332
151.857773
162.515549
166.364441
154.711105
78.515556
47.617779
50.257778
34.524445
32.924446
29.333334
27.724445
28.897778
32.835556
25.208889
26.897778
32.497776
28.435556
26.613333
29.448889
25.324444
25.973333
29.964445
36.906666
30.017778
38.088890
21.964445
26.417778
30.728889
32.124443
19.271111
30.871111
26.008888
21.351110
22.106667
29.466667
29.928888
30.071112
44.915554
27.191111
25.813334
34.453335
35.831112
29.404444
34.480000
31.111111
26.497778
31.457777
32.533333
30.097778
34.835556
31.893333
40.302223
27.084444
40.711113
28.568890
30.631111
30.506666
30.008888
31.768888
31.795555
30.275555
30.302221
33.066666
35.182220
29.137777
25.804445
32.382221
32.133335
26.017778
29.022223
27.564444
28.622223
26.524445
27.946667
26.426666
25.404444
34.737778
33.119999
31.555555
30.719999
29.555555
30.737778
27.662222
26.648890
34.986668
28.160000
27.351110
26.844444
38.328888
27.537777
27.262222
20.231112
22.408890
24.728889
22.942223
25.511110
21.342222
20.977777
25.715555
36.906666
29.511110
27.768888
24.506666
30.097778
28.924444
32.373333
24.986666
20.204445
35.866665
20.284445
29.208889
27.911112
29.626667
23.146667
30.639999
26.773333
25.111111
29.857779
28.444445
26.817778
32.986668
23.217777
27.600000
26.391111
25.688889
27.600000
34.720001
33.262222
31.235556
27.644444
29.520000
29.413334
25.493334
22.817778
22.462223
23.893333
26.559999
27.688889
24.337778
30.240000
18.862223
28.000000
29.662222
29.493334
30.222221
28.328888
21.564444
28.933332
25.653334
27.155556
31.342222
27.911112
31.662222
27.262222
28.551111
29.928888
27.128889
31.004444
30.240000
32.497776
25.662222
28.551111
36.577778
27.724445
33.093334
30.808889
32.639999
30.533333
30.746666
36.639999
38.364445
26.177778
26.275555
25.164444
29.928888
25.226667
29.706667
21.680000
22.124445
22.257778
25.688889
25.128889
24.088888
32.284443
21.688889
20.666666
31.360001
25.671112
19.377777
27.822222
25.031111
12.506667
8.782222
12.462222
19.288889
9.937778
9.617778
24.799999
18.373333
9.395555
10.462222
13.768888
15.928889
17.280001
10.106667
12.782222
13.048889
17.902222
25.200001
6.853333
10.124444
12.568889
18.284445
15.608889
12.497778
20.080000
15.244445
11.573334
9.377778
13.760000
18.879999
19.528889
18.986666
15.057777
10.755555
9.413333
7.715556
24.942223
16.755556
18.080000
16.515556
15.715555
13.182222
24.702223
15.368889
19.920000
