386.700012
336.711121
309.244446
266.177765
222.240005
255.413330
220.373337
208.782227
241.644440
236.284439
255.608887
248.471115
233.128891
230.266663
239.351105
211.804443
207.902222
202.746674
187.039993
190.080002
192.195557
186.160004
197.262222
190.151108
199.502228
185.386673
140.168884
134.124451
142.311111
149.831116
143.893326
135.493332
137.315552
125.413330
142.995560
139.582230
137.457779
142.693329
129.279999
130.595551
146.151108
128.506668
126.879997
105.422226
144.808884
117.422226
99.893333
144.657776
152.311111
139.919998
141.297775
151.448883
151.742218
147.448883
148.151108
153.119995
142.577774
118.506668
164.720001
134.666672
127.786667
160.062225
139.475555
121.368889
123.395554
155.128891
133.155548
104.426666
93.075554
100.408890
90.364441
92.293335
98.071114
94.755554
83.644447
107.288887
77.733330
91.377777
111.440002
95.893333
99.244446
107.973335
100.400002
94.533333
87.902222
107.466667
96.231110
94.986664
87.004448
98.835556
100.373337
104.000000
101.368889
87.217781
91.671112
93.395554
99.564445
101.599998
81.715553
90.773331
101.093330
93.466667
103.128891
97.555557
94.408890
101.866669
100.968887
100.648888
110.933334
102.257774
98.062225
107.493332
103.857780
96.622223
103.733330
98.097778
96.551109
106.426666
93.404442
99.502220
103.084442
110.204445
114.275558
96.462219
96.195557
86.933334
110.897781
103.804443
89.751114
98.835556
107.662224
100.844444
94.764442
108.977776
106.942223
89.591110
95.084442
100.168892
94.551109
96.568886
98.355553
102.666664
97.146667
102.959999
107.537781
94.924446
100.213333
96.497780
106.151108
105.022224
91.066666
81.519997
76.471107
93.822220
101.795555
93.235558
110.800003
105.084442
83.671112
108.657776
94.026665
95.902222
105.279999
94.160004
99.626663
111.573334
101.324448
88.613335
115.457779
93.573334
117.813332
103.502220
115.146667
102.746666
112.284447
98.773331
108.177780
110.835556
123.297775
116.480003
115.626663
96.675552
107.057777
106.897781
90.586670
108.906670
114.675552
114.044441
112.471107
105.715553
102.782219
107.235558
109.866669
102.888885
111.706665
101.146667
99.057777
114.968887
105.946663
111.902222
107.466667
95.404442
114.515556
107.031113
113.973335
108.080002
92.364441
112.471107
99.191109
103.191109
105.493332
101.742226
111.591110
109.040001
104.764442
109.484444
90.008888
90.862221
97.466667
89.128891
98.631111
97.706665
91.146667
102.053337
109.182220
114.071114
99.484444
85.217781
85.546669
82.462219
88.497780
84.320000
84.497780
80.702225
92.986664
76.764442
85.919998
81.493332
78.613335
99.279999
75.857780
82.577774
83.813332
85.422226
92.426666
78.471107
69.537781
79.786667
88.328888
80.844444
104.044441
