   0.94419631
   0.92649761
   0.91232264
   0.89544947
   0.87596460
   0.86731765
   0.86352336
   0.83313668
   0.79523205
   0.79523205
   0.77430703
   0.74348352
   0.70546728
   0.68228345
   0.67548384
   0.67001491
   0.66626940
   0.66626940
   0.66087833
   0.64779501
   0.64037632
   0.61812867
   0.60996364
   0.60604550
   0.59278716
   0.58742706
   0.58173895
   0.57991397
   0.57991397
   0.56437688
   0.56437688
   0.55006854
   0.54931535
   0.53275789
   0.52576772
   0.51969741
   0.51706672
   0.50804057
   0.50804057
   0.49840240
   0.49840240
   0.49207050
   0.49172524
   0.49024095
   0.48994594
   0.48994594
   0.48957482
   0.48515843
   0.47372095
   0.47317296
   0.47074689
   0.47074689
   0.46920830
   0.46616787
   0.46291056
   0.46007838
   0.45632381
   0.45362927
   0.45163291
   0.45120345
   0.44903116
   0.43867775
   0.43222576
   0.42672634
   0.42545155
   0.42189698
   0.41053228
   0.41053228
   0.40883511
   0.40705280
   0.40400433
   0.39863299
   0.39555620
   0.39555620
   0.39534003
   0.39400643
   0.39327155
   0.39327155
   0.39134537
   0.39121149
   0.38947281
   0.38947281
   0.38947281
   0.38947281
   0.38883712
   0.38883712
   0.38641305
   0.38389974
   0.37930344
   0.37718824
   0.37452744
   0.36721683
   0.36650786
   0.36561936
   0.36493489
   0.35786807
   0.35463955
   0.35463955
   0.35352495
   0.35352495
   0.00010001
   0.00010001
   0.00010001
   0.00010001
   0.00010001
   0.00010001
   0.00010001
   0.00010001
   0.00010001
   0.00010001
   0.10082630
   0.00010001
   0.00010001
   0.00010001
   0.00010001
   0.00010001
   0.00010001
   0.00010001
   0.00010001
   0.00010001
   0.14787695
   0.20072059
   0.00010001
   0.00010001
   0.00010001
   0.00010001
   0.00010001
   0.00010001
   0.09594297
   0.00010001
   0.00010001
   0.00010001
   0.00010001
   0.00010001
   0.00010001
   0.00010001
   0.00010001
   0.00010001
   0.00010001
   0.00010001
   0.00010001
   0.00010001
   0.00010001
   0.00010001
   0.09331517
   0.00010001
   0.00010001
   0.00010001
   0.07962531
   0.00010001
   0.00010001
   0.00010001
   0.00010001
   0.00010001
   0.00010001
   0.00010001
   0.00010001
   0.00010001
   0.25563383
   0.00010001
   0.00010001
   0.32462446
   0.00010001
   0.00010001
   0.00010001
   0.00010001
   0.05762378
   0.00010001
   0.00010001
   0.00010001
   0.00010001
   0.00010001
   0.00010001
   0.00010001
   0.00010001
   0.00010001
   0.00010001
   0.00010001
   0.00010001
   0.00010001
   0.00010001
   0.00010001
   0.06138744
   0.00010001
   0.00010001
   0.00010001
   0.00010001
   0.00010001
   0.00010001
   0.00010001
   0.00010001
   0.00010001
   0.20470028
   0.20470028
   0.00010001
   0.00010001
   0.00010001
   0.00010001
   0.00010001
   0.00010001
