0.005827 
0.006266 
0.006378 
0.005918 
0.005911 
0.006261 
0.006147 
0.002780 
-0.006731 
-0.016604 
-0.011035 
0.005774 
0.011877 
0.006414 
-0.009987 
-0.025064 
-0.018388 
-0.020256 
-0.038674 
-0.023940 
0.011094 
0.014862 
0.008655 
0.018087 
0.017862 
0.014872 
0.032176 
0.038652 
0.013995 
-0.001685 
0.008191 
-0.000314 
-0.032694 
-0.027319 
0.022247 
0.044486 
0.019802 
-0.002196 
-0.002051 
0.013108 
0.040682 
0.044810 
0.002238 
-0.036299 
-0.029425 
-0.005602 
0.003996 
0.003051 
-0.005846 
-0.027421 
-0.043033 
-0.022057 
0.012755 
-0.001039 
-0.038852 
-0.017923 
0.031787 
0.034335 
0.023449 
0.033852 
0.021364 
-0.005500 
-0.002838 
0.003183 
0.003687 
0.025061 
0.034861 
0.026170 
0.048425 
0.062190 
0.013704 
-0.014504 
0.020604 
0.019378 
-0.030070 
-0.028023 
0.013868 
0.014640 
-0.005232 
0.003146 
0.012241 
-0.000236 
-0.003826 
0.006736 
0.002401 
-0.006309 
0.013079 
0.027915 
-0.005314 
-0.031111 
0.001412 
0.018825 
-0.023243 
-0.035009 
0.013581 
0.029451 
0.002235 
0.005563 
0.025412 
0.009608 
-0.021986 
-0.028619 
0.000647 
0.039129 
0.033507 
0.001512 
0.009538 
0.017771 
-0.014243 
0.002336 
0.061680 
0.036500 
-0.020304 
0.008990 
0.033034 
-0.004468 
0.000645 
0.018954 
-0.023648 
-0.019611 
0.047344 
0.029761 
-0.027360 
0.009839 
0.043682 
-0.014575 
-0.040123 
0.016043 
0.044632 
0.029006 
0.040389 
0.053876 
0.010807 
-0.033728 
-0.005851 
0.036743 
0.008371 
-0.043318 
-0.033966 
0.016125 
0.046698 
0.036260 
0.001697 
-0.013590 
-0.003298 
-0.004093 
-0.004155 
0.016597 
0.014984 
-0.006475 
0.002227 
0.010654 
-0.002892 
0.002811 
-0.004364 
-0.045829 
-0.031486 
0.029994 
0.028668 
-0.000728 
0.009734 
0.006468 
-0.005982 
0.022238 
0.029330 
-0.007570 
-0.010912 
0.011838 
0.013789 
0.021459 
0.025875 
-0.002372 
-0.012034 
0.019512 
0.042636 
0.042718 
0.030133 
0.007451 
-0.007399 
-0.017544 
-0.027804 
-0.000250 
0.040226 
0.019971 
-0.010235 
0.018348 
0.024781 
-0.033061 
-0.050574 
-0.001011 
0.024643 
0.013827 
0.014213 
0.011987 
-0.007923 
-0.007669 
0.021554 
0.030292 
0.001241 
-0.018424 
-0.004537 
0.007787 
-0.000782 
-0.002590 
0.015484 
0.030864 
0.029105 
0.017869 
0.008655 
-0.001246 
-0.020443 
-0.030812 
-0.011353 
0.008447 
-0.003235 
-0.009072 
0.022623 
0.044654 
0.029543 
0.019810 
0.022056 
0.002959 
-0.007775 
0.022342 
0.031577 
-0.009913 
-0.024125 
0.009768 
0.020106 
0.000413 
-0.004014 
-0.002727 
-0.003900 
0.012459 
0.023379 
0.014542 
0.021209 
0.037319 
0.029179 
0.014328 
0.008300 
-0.001943 
0.000633 
0.018980 
0.011916 
-0.010189 
0.003207 
0.037557 
0.040783 
0.010507 
-0.008941 
0.005974 
0.021924 
0.011794 
0.009781 
0.025580 
0.011447 
-0.019801 
-0.017220 
-0.001601 
0.003338 
0.010643 
-0.000711 
-0.022714 
0.002485 
0.031519 
-0.007116 
-0.034430 
0.007655 
0.022392 
-0.023037 
-0.037450 
-0.000390 
0.025003 
0.009206 
-0.027038 
-0.040142 
-0.022303 
-0.015050 
-0.007956 
0.030778 
0.043109 
0.000282 
-0.014260 
0.018330 
0.027830 
0.015786 
0.011764 
-0.001778 
-0.009411 
0.005343 
0.005188 
-0.004320 
0.010343 
0.016988 
0.004034 
0.016952 
0.035899 
0.020683 
0.011760 
0.024903 
0.013262 
-0.017448 
-0.025249 
-0.014572 
-0.004788 
-0.000419 
-0.005793 
-0.011792 
-0.009216 
-0.000736 
0.023714 
0.051590 
0.037162 
-0.006504 
-0.016058 
0.008820 
0.026951 
0.035121 
0.029861 
-0.000859 
-0.023226 
-0.008274 
0.009021 
-0.003633 
-0.019340 
-0.005365 
0.022328 
0.030149 
0.019281 
0.010258 
-0.000128 
-0.007592 
0.015926 
0.043271 
0.015495 
-0.033693 
-0.031030 
0.001731 
0.010391 
0.001988 
-0.011849 
-0.026682 
-0.008315 
0.035119 
0.039521 
0.004523 
-0.007334 
0.007051 
0.005165 
-0.003970 
0.009163 
0.028152 
0.031715 
0.033665 
0.033199 
0.011540 
0.001340 
0.031307 
0.040911 
0.001824 
-0.005163 
0.035208 
0.033287 
-0.007131 
-0.007798 
0.014199 
0.017192 
0.022913 
0.029404 
0.015794 
0.004236 
-0.000153 
-0.009970 
0.008071 
0.050174 
0.043449 
-0.010620 
-0.034259 
-0.014739 
0.000900 
-0.002248 
-0.005153 
0.003267 
0.009068 
-0.003293 
-0.008522 
0.020371 
0.047908 
0.035736 
0.007148 
-0.006776 
-0.010040 
-0.007914 
0.004056 
0.017689 
0.020123 
0.008477 
-0.013800 
-0.035139 
-0.032701 
0.001822 
0.030139 
0.014065 
-0.017361 
-0.018423 
-0.000854 
0.003059 
-0.007501 
-0.016509 
-0.009136 
0.012309 
0.023363 
0.024200 
0.032496 
0.024254 
-0.014975 
-0.037569 
-0.024762 
-0.023793 
-0.043325 
-0.035459 
0.009574 
0.045768 
0.034899 
-0.004884 
-0.020960 
-0.000856 
0.018893 
0.015609 
0.004197 
0.007977 
0.021401 
0.011100 
-0.015802 
-0.004946 
0.030333 
0.029736 
0.022997 
0.047338 
0.043137 
0.002647 
0.006296 
0.040789 
0.033777 
0.010279 
0.014645 
0.028427 
0.031917 
0.007791 
-0.040187 
-0.041705 
0.018712 
0.041787 
0.010582 
0.018195 
0.045742 
0.011343 
-0.023605 
0.016244 
0.048647 
0.011429 
-0.014358 
0.008738 
0.017193 
-0.000254 
-0.011833 
-0.019705 
-0.009263 
0.027022 
0.031148 
-0.004444 
-0.012532 
-0.005749 
-0.019915 
-0.000913 
0.044846 
0.030840 
-0.012731 
-0.012375 
-0.005266 
-0.003576 
0.033837 
0.053078 
0.019182 
0.011306 
0.027781 
-0.004246 
-0.031551 
0.004705 
0.024947 
-0.003798 
-0.013556 
-0.007088 
-0.010881 
0.017526 
0.057302 
0.031801 
-0.010833 
0.002075 
-0.001870 
-0.054505 
-0.045940 
0.024178 
0.028034 
-0.023681 
-0.028443 
-0.008092 
-0.018635 
-0.027835 
-0.007461 
0.027015 
0.054399 
0.051800 
0.030573 
0.023507 
0.010023 
-0.026171 
-0.033128 
-0.002146 
0.006893 
-0.013619 
-0.026992 
-0.021979 
-0.003263 
0.010943 
0.005278 
-0.002556 
-0.007413 
-0.023257 
-0.023126 
0.005963 
0.015803 
-0.003156 
-0.009068 
0.005244 
0.022369 
0.030488 
0.019401 
0.001419 
-0.005226 
-0.005591 
0.002110 
0.014059 
0.007064 
0.000775 
0.016408 
0.014445 
-0.004211 
0.006008 
0.020652 
0.015401 
0.023941 
0.022642 
-0.014067 
-0.011618 
0.036988 
0.035150 
-0.006044 
-0.004725 
0.015722 
0.001577 
-0.022406 
-0.018990 
0.003501 
0.010136 
-0.013454 
-0.029871 
-0.009950 
0.016199 
0.014149 
-0.007034 
-0.010684 
0.012100 
0.013980 
-0.017467 
-0.013677 
0.027843 
0.023593 
-0.009091 
0.000854 
0.009672 
-0.021886 
-0.026008 
0.016868 
0.033925 
0.002852 
-0.022614 
-0.012586 
0.001257 
-0.007706 
-0.007206 
0.017359 
0.019483 
-0.000069 
0.004301 
0.015540 
0.007057 
0.000686 
-0.001276 
-0.005151 
0.006109 
0.017572 
0.012459 
0.007113 
-0.007275 
-0.020791 
0.000833 
0.006514 
-0.029478 
-0.010125 
0.056467 
0.051337 
0.014882 
0.031616 
0.036691 
0.004125 
-0.013580 
-0.031751 
-0.036860 
0.017801 
0.057931 
0.027588 
0.004899 
0.010286 
0.000290 
-0.001085 
0.008018 
-0.001783 
0.002720 
0.022999 
0.011329 
-0.005408 
0.004243 
0.004065 
-0.000695 
0.011318 
0.002251 
-0.020927 
-0.008466 
0.014552 
0.008433 
-0.006365 
-0.013922 
-0.014289 
0.001069 
0.011765 
-0.001159 
-0.008080 
0.002449 
-0.000102 
-0.020532 
-0.035646 
-0.036683 
-0.025009 
-0.005682 
0.005218 
0.005961 
0.014763 
0.026544 
0.014406 
-0.013233 
-0.013330 
0.013213 
0.013708 
-0.021499 
-0.039873 
-0.019073 
0.004323 
0.012774 
0.028525 
0.045097 
0.023528 
-0.036786 
-0.079904 
-0.057506 
0.002481 
0.023266 
-0.001993 
0.001826 
0.036255 
0.023980 
-0.013245 
-0.001504 
0.021888 
0.011221 
0.009838 
0.022141 
0.013639 
0.008319 
0.006448 
-0.020925 
-0.032609 
-0.013429 
-0.010258 
-0.001432 
0.028954 
0.014761 
-0.023404 
-0.008569 
0.010335 
-0.013913 
-0.024480 
-0.008417 
0.007277 
0.025417 
0.023029 
-0.002138 
-0.005272 
-0.003551 
-0.013480 
0.013822 
0.044298 
0.019526 
0.005110 
0.020783 
0.001984 
-0.008075 
0.031940 
0.045066 
0.025328 
0.025276 
0.013144 
-0.001190 
0.036820 
0.065982 
0.029819 
-0.017488 
-0.041176 
-0.038015 
-0.004329 
0.011505 
0.001523 
0.025864 
0.043634 
-0.004443 
-0.028929 
0.014195 
0.022327 
-0.018100 
-0.010845 
0.034123 
0.023488 
-0.039803 
-0.064842 
-0.026525 
-0.002762 
-0.024387 
-0.021820 
0.015575 
0.017933 
-0.014309 
-0.029724 
-0.026490 
-0.006185 
0.042362 
0.070365 
0.027626 
-0.034177 
-0.038077 
-0.006837 
-0.005855 
-0.011596 
0.026051 
0.060204 
0.048944 
0.044609 
0.053989 
0.019252 
-0.022573 
-0.005122 
0.020557 
0.005601 
-0.003537 
0.011610 
0.009798 
-0.009693 
-0.007019 
0.015176 
0.018859 
0.011708 
0.028542 
0.040330 
0.012721 
0.003737 
0.042006 
0.051763 
0.014399 
-0.006087 
0.003802 
0.018791 
0.019867 
-0.008661 
-0.027678 
0.000489 
0.013724 
-0.017364 
-0.028967 
-0.020654 
-0.017677 
0.013598 
0.040501 
0.012769 
-0.002684 
0.010670 
-0.021360 
-0.045145 
0.003508 
0.016535 
-0.043621 
-0.055423 
-0.006708 
0.009451 
-0.002119 
0.000612 
-0.004757 
-0.022867 
-0.015899 
0.011407 
0.009170 
-0.020505 
-0.012909 
0.031496 
0.037038 
-0.000869 
-0.022105 
-0.020750 
-0.015722 
-0.001991 
0.002611 
-0.012386 
-0.012284 
0.007570 
0.014827 
0.006936 
-0.000268 
0.001821 
0.017906 
0.031612 
0.014823 
-0.022732 
-0.033129 
0.001783 
0.028539 
0.005488 
-0.011702 
0.009824 
0.007746 
-0.003657 
0.045809 
0.081205 
0.029819 
-0.005322 
0.019016 
0.012855 
-0.012417 
-0.005445 
-0.009281 
-0.015315 
0.015503 
0.017906 
-0.025629 
-0.028661 
0.003445 
0.008154 
0.005712 
0.011944 
0.008862 
0.013372 
0.018759 
-0.002136 
-0.009442 
0.027438 
0.050552 
0.022507 
-0.011413 
-0.012705 
0.002841 
0.010769 
0.013782 
0.012681 
-0.005984 
-0.015269 
0.016772 
0.036679 
-0.000326 
-0.026979 
-0.004465 
0.002106 
-0.016533 
-0.005693 
0.008058 
-0.019002 
-0.034881 
0.000120 
0.026285 
0.004720 
-0.016494 
-0.009991 
-0.003378 
-0.000091 
0.009743 
0.001725 
-0.020906 
-0.016349 
0.002394 
0.004097 
0.010858 
0.019953 
0.003002 
-0.007339 
0.003758 
-0.012831 
-0.034505 
-0.000005 
0.042507 
0.034047 
0.009445 
-0.001058 
-0.000957 
0.011133 
0.016544 
0.010340 
0.019496 
0.021558 
-0.006589 
-0.008680 
0.021291 
0.014628 
-0.012509 
-0.010257 
-0.012530 
-0.027943 
-0.011262 
0.009155 
0.001498 
0.022707 
0.068773 
0.048671 
-0.020236 
-0.033882 
-0.000756 
0.003913 
-0.001285 
0.019563 
0.022466 
-0.002371 
0.004474 
0.033552 
0.025899 
0.002911 
-0.001104 
-0.009956 
-0.010589 
0.024493 
0.047990 
0.036129 
0.032425 
0.025879 
-0.009200 
-0.014322 
0.025751 
0.033742 
0.002530 
-0.006068 
0.004561 
-0.000393 
-0.004395 
0.014227 
0.032004 
0.018509 
-0.008876 
-0.007401 
0.006431 
-0.012716 
-0.029626 
0.005109 
0.045588 
0.042503 
0.024388 
0.017808 
0.016486 
0.018842 
0.017106 
0.013313 
0.022522 
0.021049 
-0.004154 
-0.012205 
-0.006815 
-0.024448 
-0.024415 
0.013078 
0.011932 
-0.023453 
-0.006802 
0.030219 
0.017559 
0.002452 
0.014740 
-0.002082 
-0.032546 
-0.013482 
0.014271 
-0.004258 
-0.020649 
0.005065 
0.029175 
0.027857 
0.027725 
0.022229 
-0.007691 
-0.033006 
-0.032352 
-0.023934 
-0.012291 
0.002790 
0.005264 
0.013403 
0.042872 
0.042253 
0.002972 
-0.005747 
0.008639 
-0.011657 
-0.033034 
-0.019370 
-0.007086 
0.005538 
0.025965 
0.003984 
-0.026708 
0.013118 
0.050620 
0.007024 
-0.020969 
0.020956 
0.032963 
-0.005936 
-0.010876 
0.018634 
0.019234 
-0.012718 
-0.024692 
0.017064 
0.063497 
0.038915 
-0.016311 
-0.009682 
0.021253 
0.006189 
-0.009970 
-0.001919 
-0.019121 
-0.035847 
-0.004492 
0.014255 
-0.007289 
0.001842 
0.027451 
0.001102 
-0.025125 
0.009693 
0.039441 
0.007639 
-0.037305 
-0.037234 
0.006467 
0.039620 
0.024641 
0.006325 
0.014015 
0.000844 
-0.018909 
0.014024 
0.047524 
0.028082 
0.018279 
0.028172 
0.006706 
0.000713 
0.034708 
0.032445 
0.005754 
0.015290 
0.005377 
-0.044881 
-0.043337 
0.003161 
0.007378 
-0.010228 
-0.001225 
0.004521 
-0.007872 
-0.003456 
0.024448 
0.042890 
0.033913 
0.020510 
0.025173 
0.025921 
0.011983 
0.017435 
0.038092 
0.034257 
0.015706 
0.007109 
0.002225 
0.009454 
0.032815 
0.028843 
-0.016873 
-0.049354 
-0.028469 
0.021714 
0.042706 
0.008623 
-0.032188 
-0.027214 
0.003612 
0.020014 
0.019302 
0.008439 
-0.000070 
0.010404 
0.018231 
0.002365 
-0.000722 
0.034540 
0.066488 
0.058483 
0.030832 
0.012971 
0.009359 
0.015493 
0.032953 
0.060172 
0.072812 
0.050063 
0.015165 
0.002019 
0.006163 
0.010608 
0.014613 
0.009694 
-0.009367 
-0.019811 
-0.011165 
0.001214 
0.011007 
0.012692 
0.001699 
0.006277 
0.034371 
0.033974 
0.004956 
0.013667 
0.046080 
0.034599 
-0.005423 
-0.023064 
-0.018265 
-0.010820 
-0.013240 
-0.011043 
0.026222 
0.052496 
0.011016 
-0.020828 
0.016500 
0.034827 
0.001687 
-0.007925 
0.011158 
0.030876 
0.051302 
0.029389 
-0.017722 
0.000478 
0.030569 
-0.009485 
-0.018088 
0.046042 
0.056725 
0.016152 
0.020506 
0.029274 
0.006666 
0.012922 
0.041389 
0.040671 
0.020367 
0.002497 
-0.008053 
-0.012690 
-0.021678 
-0.019774 
0.003648 
0.016731 
0.021136 
0.028147 
0.001284 
-0.026137 
0.007478 
0.024179 
-0.026192 
-0.033965 
0.018631 
0.025861 
-0.000598 
0.000880 
0.008598 
0.013902 
0.022217 
0.012572 
0.008234 
0.024115 
0.012652 
-0.013980 
-0.002596 
0.012378 
-0.002356 
-0.002264 
0.023473 
0.030661 
0.013724 
0.011666 
0.027139 
0.014022 
-0.014426 
0.014754 
0.060284 
0.015083 
-0.056259 
-0.036767 
0.011569 
0.012141 
0.002043 
-0.012688 
-0.039635 
-0.023847 
0.030574 
0.050469 
0.023941 
-0.012248 
-0.026058 
-0.010703 
-0.007834 
-0.020510 
0.004329 
0.037572 
0.021790 
0.002359 
0.014081 
0.025017 
0.040306 
0.053956 
0.029353 
0.005316 
0.011164 
0.001011 
-0.013165 
0.000933 
0.002427 
-0.007917 
0.005428 
0.006115 
-0.010580 
0.000257 
0.011556 
0.009532 
0.028194 
0.027952 
-0.008723 
-0.014485 
-0.005501 
-0.024258 
-0.009483 
0.031431 
0.017662 
-0.002309 
0.022266 
0.027014 
0.012565 
0.019094 
0.004842 
-0.013788 
0.024413 
0.051450 
0.018097 
0.005283 
0.016483 
-0.010898 
-0.033176 
-0.014960 
-0.006199 
-0.002572 
0.013152 
-0.015838 
-0.066613 
-0.034175 
0.043892 
0.041655 
-0.024379 
-0.046031 
-0.005852 
0.029661 
0.017585 
-0.016016 
-0.019352 
0.002737 
0.013215 
0.022242 
0.030544 
-0.002579 
-0.047143 
-0.036734 
-0.016793 
-0.041177 
-0.045227 
-0.008743 
-0.007662 
-0.031302 
-0.014390 
0.014716 
0.014887 
0.011366 
0.013806 
0.009532 
0.008127 
0.011754 
0.014862 
0.015639 
0.002047 
-0.017497 
-0.019411 
-0.010326 
0.006124 
0.032279 
0.024598 
-0.023347 
-0.039059 
-0.024050 
-0.036029 
-0.033897 
0.015212 
0.035953 
0.011179 
0.005398 
0.011109 
0.000464 
0.004252 
0.022234 
0.025096 
0.014860 
-0.010166 
-0.036912 
-0.023675 
0.006462 
0.002285 
0.000508 
0.030323 
0.041138 
0.027159 
0.018755 
-0.002129 
-0.018240 
0.011557 
0.028721 
-0.008041 
-0.015224 
0.024186 
0.023764 
-0.007445 
-0.013971 
-0.018078 
-0.013343 
0.031386 
0.047957 
-0.000915 
-0.024108 
0.003366 
0.012879 
0.009303 
0.017392 
0.007741 
-0.003647 
0.015913 
0.025797 
0.011251 
0.014114 
0.023995 
0.020605 
0.024175 
0.013055 
-0.030221 
-0.038464 
0.009949 
0.032241 
-0.000170 
-0.032617 
-0.043023 
-0.036025 
-0.006668 
0.022292 
0.017680 
-0.003938 
0.001069 
0.028482 
0.031128 
0.005062 
-0.000606 
0.009893 
-0.021615 
-0.066401 
-0.039858 
0.026767 
0.033473 
-0.010085 
-0.017967 
0.015910 
0.025707 
-0.009692 
-0.046819 
-0.053775 
-0.045387 
-0.036312 
-0.021301 
-0.000707 
0.024739 
0.047163 
0.032400 
-0.019069 
-0.038880 
-0.007679 
0.006231 
-0.010059 
-0.003061 
0.019082 
0.022142 
0.028787 
0.042228 
0.023047 
-0.007612 
-0.002205 
0.014372 
0.011556 
0.007124 
0.000638 
-0.014433 
0.000406 
0.047783 
0.057422 
0.017190 
0.001204 
0.029590 
0.042828 
0.021368 
0.012874 
0.033674 
0.041725 
0.019878 
0.000995 
-0.001475 
-0.005690 
-0.003807 
0.015197 
0.023176 
0.012411 
0.012010 
0.019867 
0.021865 
0.037934 
0.061183 
0.048141 
0.007531 
-0.018418 
-0.022696 
-0.012617 
-0.003879 
-0.017691 
-0.025472 
0.007579 
0.036794 
0.024147 
0.007155 
-0.002161 
-0.017834 
-0.004835 
0.037982 
0.044256 
0.005770 
-0.019322 
-0.007927 
0.022035 
0.037555 
0.019283 
0.008201 
0.030600 
0.034792 
0.005736 
-0.005345 
0.009982 
0.028392 
0.040140 
0.024849 
0.003837 
0.025040 
0.039336 
0.003073 
-0.009483 
0.011887 
-0.002710 
-0.012328 
0.017838 
0.005593 
-0.028576 
0.008405 
0.047703 
0.019034 
-0.002875 
-0.002066 
-0.028523 
-0.044792 
-0.022907 
-0.002739 
0.013364 
0.028672 
0.022293 
0.012640 
0.001712 
-0.029226 
-0.031431 
0.014691 
0.037634 
0.023180 
0.015350 
0.005352 
-0.008718 
-0.009606 
-0.025080 
-0.040911 
-0.004901 
0.038392 
0.030965 
0.014103 
0.013027 
-0.001802 
-0.016540 
-0.007514 
0.008036 
0.022567 
0.033549 
0.021955 
-0.008430 
-0.027670 
-0.022831 
-0.017591 
-0.033496 
-0.041319 
-0.011465 
0.019553 
0.021462 
0.012633 
-0.010854 
-0.036350 
-0.012662 
0.024210 
0.012401 
0.004941 
0.028047 
0.015457 
-0.011419 
0.001908 
0.006445 
-0.005053 
0.009452 
-0.002716 
-0.045791 
-0.021901 
0.034107 
0.020585 
-0.003881 
0.027918 
0.054190 
0.038723 
0.004937 
-0.027802 
-0.021527 
0.019313 
0.029970 
0.015893 
0.018436 
0.004737 
-0.023409 
-0.003608 
0.029536 
0.010666 
-0.015983 
-0.009897 
-0.000138 
0.018455 
0.050992 
0.038009 
-0.019368 
-0.036351 
-0.009256 
-0.006375 
-0.026210 
-0.027728 
-0.017747 
-0.009357 
0.004579 
0.008143 
-0.010922 
-0.025926 
-0.015895 
0.009485 
0.030211 
0.031277 
0.020097 
0.017487 
0.013535 
-0.011774 
-0.032708 
-0.020637 
0.002014 
0.005876 
0.005294 
0.034667 
0.075934 
0.056595 
-0.021335 
-0.047537 
0.005967 
0.031784 
0.002240 
-0.002775 
0.017302 
0.010336 
0.001170 
0.023887 
0.042139 
0.027054 
0.010097 
0.019246 
0.029624 
0.014829 
0.005193 
0.022215 
0.028791 
0.021859 
0.034290 
0.033649 
-0.008535 
-0.028116 
0.012796 
0.059132 
0.063455 
0.032083 
0.011896 
0.035108 
0.043916 
0.004941 
-0.000283 
0.028915 
0.001447 
-0.026354 
0.015471 
0.017168 
-0.034785 
-0.009335 
0.039661 
0.008609 
-0.006184 
0.026993 
0.004211 
-0.030369 
-0.003285 
0.001579 
-0.026725 
-0.007549 
0.016350 
0.005076 
0.015951 
0.022114 
-0.023797 
-0.036318 
0.017850 
0.038043 
0.007990 
0.002398 
0.016209 
0.004358 
-0.013571 
-0.005376 
0.008651 
0.004624 
0.003153 
0.017001 
0.014783 
-0.006650 
-0.008764 
-0.003853 
-0.019307 
-0.017844 
0.007647 
0.007419 
-0.000350 
0.026070 
0.042623 
0.022423 
0.010546 
0.005984 
-0.016002 
-0.021976 
-0.002973 
0.000643 
-0.006450 
0.003375 
0.010834 
-0.000924 
-0.011473 
-0.013507 
-0.017460 
-0.016281 
0.002305 
0.018545 
0.000193 
-0.033441 
-0.033726 
-0.004537 
0.017293 
0.025058 
0.022371 
0.011134 
0.016470 
0.041113 
0.050561 
0.045120 
0.043027 
0.029204 
0.005957 
0.005008 
0.021578 
0.028880 
0.030109 
0.037820 
0.047205 
0.038440 
0.009052 
0.003280 
0.032069 
0.032356 
0.000028 
-0.001464 
0.005816 
-0.021505 
-0.024870 
0.011343 
0.013717 
-0.005975 
-0.002143 
-0.016138 
-0.043680 
-0.015238 
0.030596 
0.016542 
-0.014160 
-0.008513 
0.000009 
-0.009829 
-0.015793 
-0.010560 
-0.008012 
-0.018781 
-0.031248 
-0.019030 
0.009544 
0.017085 
0.009345 
0.016036 
0.021671 
0.004037 
-0.008572 
0.011736 
0.034047 
0.023784 
0.006367 
0.011493 
0.012359 
-0.011387 
-0.015734 
0.024043 
0.049255 
0.017857 
-0.015321 
0.007994 
0.047053 
0.031728 
-0.021034 
-0.040446 
-0.006558 
0.035145 
0.041834 
0.028266 
0.036005 
0.055529 
0.046665 
0.029237 
0.037144 
0.034372 
0.002953 
-0.009060 
0.004952 
0.009704 
0.008756 
0.007728 
-0.001554 
0.003839 
0.019926 
0.006127 
-0.013371 
0.001084 
0.015803 
0.008751 
0.006183 
0.008979 
0.012322 
0.030795 
0.047831 
0.043013 
0.029614 
0.012499 
-0.005862 
-0.012280 
-0.014019 
-0.016554 
-0.013990 
-0.019671 
-0.021189 
0.011281 
0.027523 
-0.010464 
-0.025050 
0.001915 
-0.006738 
-0.017757 
0.028394 
0.040823 
-0.014443 
-0.012096 
0.042508 
0.012766 
-0.057310 
-0.030945 
0.040670 
0.046677 
0.025311 
0.030507 
0.025452 
0.006552 
0.012200 
0.023968 
0.014335 
0.007868 
0.022936 
0.042063 
0.036987 
-0.009177 
-0.052845 
-0.034954 
0.004284 
0.010506 
0.023606 
0.047629 
0.017791 
-0.031708 
-0.018791 
0.021828 
0.028378 
0.015531 
0.008720 
0.015232 
0.027111 
0.020608 
0.003931 
-0.001956 
-0.009224 
-0.009102 
0.011112 
0.005627 
-0.022466 
-0.003577 
0.040545 
0.049519 
0.042969 
0.035908 
0.030648 
0.058803 
0.075689 
0.022714 
-0.018426 
0.003443 
0.006562 
-0.017999 
-0.017838 
-0.015040 
-0.014075 
0.000418 
-0.011742 
-0.026883 
0.012939 
0.037772 
0.005405 
-0.001991 
0.012877 
0.001545 
0.015612 
0.044091 
0.003852 
-0.046550 
-0.020428 
0.019415 
0.018659 
0.013659 
0.022424 
0.044379 
0.067081 
0.047265 
0.002627 
0.007828 
0.045540 
0.037418 
0.003184 
0.018521 
0.065738 
0.061053 
0.008229 
-0.008710 
0.003408 
-0.026169 
-0.050590 
0.003872 
0.057874 
0.030292 
-0.007261 
0.002490 
0.011952 
-0.000808 
-0.011939 
-0.014136 
-0.007333 
-0.000056 
-0.002316 
0.003749 
0.014745 
-0.002413 
-0.016214 
0.013743 
0.026242 
-0.010411 
-0.016536 
0.019328 
0.016118 
-0.013551 
-0.000005 
0.030427 
0.028541 
0.011107 
-0.002598 
-0.011370 
-0.006863 
0.007578 
0.019752 
0.021585 
0.001729 
-0.024704 
-0.025975 
-0.020729 
-0.027750 
-0.010076 
0.026408 
0.023709 
-0.005159 
-0.005682 
0.013577 
0.019118 
0.004685 
-0.018139 
-0.020209 
-0.000548 
0.000774 
-0.010994 
0.004947 
0.036133 
0.042070 
0.016925 
-0.007816 
0.006869 
0.037340 
0.023453 
-0.001434 
0.005779 
-0.017386 
-0.055795 
-0.010992 
0.044859 
0.015140 
0.001219 
0.030748 
-0.008296 
-0.050005 
0.003143 
0.032679 
-0.002897 
0.012104 
0.044281 
0.011943 
-0.006728 
0.023108 
0.029260 
0.012149 
-0.002523 
-0.017997 
0.001603 
0.043509 
0.033841 
-0.000574 
0.003966 
0.010029 
-0.002403 
0.005727 
0.009588 
-0.011660 
-0.002692 
0.030410 
0.019276 
-0.008378 
0.011416 
0.032961 
0.007437 
-0.005526 
0.020900 
0.012201 
-0.036702 
-0.033018 
0.018231 
0.024518 
-0.002154 
0.007297 
0.029347 
0.016837 
-0.008227 
-0.012118 
0.007594 
0.028968 
0.011871 
-0.034529 
-0.040766 
0.000739 
0.022177 
-0.000632 
-0.031636 
-0.035145 
0.001953 
0.044197 
0.040903 
0.023156 
0.039389 
0.044320 
0.007250 
-0.016904 
-0.014792 
-0.016348 
-0.001886 
0.016007 
-0.013352 
-0.031827 
0.020519 
0.048716 
-0.002460 
-0.031718 
0.001760 
0.019055 
-0.006770 
-0.027764 
-0.006623 
0.039815 
0.043626 
-0.003580 
-0.019905 
0.008515 
0.025730 
0.038833 
0.050917 
0.020233 
-0.011596 
0.015772 
0.050008 
0.041965 
0.015263 
-0.005560 
0.001919 
0.022423 
0.004848 
-0.007495 
0.036191 
0.040163 
-0.025721 
-0.038109 
-0.000195 
-0.003013 
-0.003432 
0.026836 
0.021008 
-0.016218 
-0.043179 
-0.048729 
-0.007575 
0.025820 
-0.024001 
-0.052212 
0.011394 
0.035868 
0.004807 
0.025458 
0.041765 
0.006145 
0.017382 
0.050935 
0.018947 
0.000912 
0.036048 
0.029227 
-0.012269 
-0.013813 
0.005628 
0.016013 
0.024135 
0.021726 
0.014181 
0.011479 
0.000816 
-0.005511 
0.006201 
0.011826 
0.001019 
-0.015976 
-0.028711 
-0.010795 
0.036141 
0.058586 
0.033596 
-0.008244 
-0.028524 
-0.003699 
0.029998 
0.020978 
0.006934 
0.019074 
0.001251 
-0.036006 
-0.014669 
0.030413 
0.025935 
0.003153 
0.002360 
0.013420 
0.022210 
0.008325 
-0.013788 
0.001149 
0.019655 
-0.006800 
-0.022098 
0.004423 
0.013133 
0.007875 
0.026738 
0.029664 
0.002095 
-0.005630 
0.007594 
0.013132 
0.018702 
0.022303 
0.014818 
0.015821 
0.025139 
0.022181 
0.013887 
0.008368 
0.003777 
0.015618 
0.036785 
0.027072 
0.006553 
0.036925 
0.077381 
0.039845 
-0.026565 
-0.019656 
0.018218 
0.011258 
0.008796 
0.036952 
0.031984 
0.009034 
0.017341 
0.007393 
-0.024616 
0.002153 
0.047096 
0.027768 
0.008885 
0.027718 
0.009816 
-0.020734 
0.005035 
0.022176 
-0.009842 
-0.011481 
0.023319 
0.028938 
0.020414 
0.026611 
0.022336 
0.007116 
0.006694 
0.017317 
0.021639 
0.012109 
-0.000256 
0.005510 
0.014429 
0.007104 
0.011951 
0.030781 
0.024640 
0.004881 
-0.004974 
-0.018025 
-0.010278 
0.031545 
0.033136 
-0.018651 
-0.038952 
-0.024354 
-0.018776 
-0.003802 
0.007667 
-0.014645 
-0.018031 
0.009908 
0.004752 
-0.005299 
0.026959 
0.032803 
-0.008925 
-0.014402 
0.028021 
0.054585 
0.039727 
0.003840 
-0.006005 
0.015722 
-0.001296 
-0.045467 
-0.019874 
0.033074 
0.012338 
-0.025456 
-0.015082 
-0.007117 
-0.005886 
0.018634 
0.016920 
-0.013734 
-0.006048 
0.016941 
0.006869 
0.001369 
0.010622 
-0.004413 
-0.016188 
0.005556 
0.012767 
-0.006940 
-0.005222 
0.009901 
-0.002263 
-0.022919 
-0.024905 
-0.027633 
-0.037441 
-0.034064 
-0.020033 
-0.009067 
-0.004132 
-0.004648 
0.001003 
0.018527 
0.024729 
0.016066 
0.020643 
0.029741 
0.024895 
0.028035 
0.036443 
0.025421 
0.010159 
-0.004287 
-0.026497 
-0.021453 
0.001538 
-0.013573 
-0.014689 
0.041395 
0.046511 
-0.011916 
-0.003753 
0.036605 
0.000939 
-0.026952 
0.016168 
0.026975 
-0.007412 
-0.002608 
0.016663 
-0.000047 
-0.016782 
-0.005228 
0.010280 
0.000217 
-0.032475 
-0.036694 
0.007501 
0.035785 
0.022782 
0.020217 
0.029850 
0.013644 
-0.005705 
0.009254 
0.033891 
0.028915 
0.006982 
0.004125 
0.011134 
-0.003439 
-0.012109 
0.020262 
0.047316 
0.027884 
0.004381 
0.011997 
0.024700 
0.022389 
0.018382 
0.017984 
0.007461 
-0.011643 
-0.013574 
0.001454 
0.006755 
0.014822 
0.040791 
0.049313 
0.032228 
0.022334 
0.016333 
0.008722 
0.019576 
0.036266 
0.049496 
0.065610 
0.038196 
-0.027295 
-0.031944 
0.008420 
-0.001650 
-0.021795 
0.003708 
0.024471 
0.031875 
0.033743 
-0.012146 
-0.044093 
0.012338 
0.050599 
0.006097 
-0.014885 
0.011745 
0.014802 
0.008148 
0.014161 
0.007633 
0.001448 
0.006494 
0.008604 
0.018970 
0.028139 
0.014535 
0.011797 
0.034190 
0.038943 
0.026721 
0.030261 
0.039784 
0.032996 
0.004749 
-0.023205 
-0.017236 
-0.001064 
-0.011171 
-0.010998 
0.011878 
0.001497 
-0.027127 
-0.012968 
0.014312 
0.009098 
-0.002537 
0.005567 
0.018713 
0.013993 
-0.000617 
0.007088 
0.019934 
-0.002485 
-0.018387 
0.011232 
0.029245 
0.021601 
0.033474 
0.032568 
-0.002779 
-0.010824 
0.010750 
0.013473 
0.009535 
0.009203 
-0.003521 
-0.008199 
0.001831 
0.002750 
-0.003335 
-0.009277 
-0.003605 
0.022487 
0.023957 
-0.007404 
-0.006216 
0.006424 
-0.011351 
0.018989 
0.074471 
0.020387 
-0.054562 
-0.013951 
0.014444 
-0.040464 
-0.036650 
0.025462 
0.034060 
0.020007 
0.011802 
-0.018139 
-0.015073 
0.026578 
0.022864 
-0.004396 
-0.000487 
-0.005028 
-0.016000 
0.005958 
0.017328 
0.002188 
0.009331 
0.018887 
-0.001921 
-0.014288 
-0.007661 
-0.014821 
-0.024894 
-0.018745 
-0.014784 
-0.014745 
0.003292 
0.030551 
0.032023 
0.008334 
0.001961 
0.017538 
0.017923 
0.008641 
0.013242 
0.010983 
-0.001850 
0.006668 
0.024633 
0.030166 
0.042619 
0.049998 
0.023981 
-0.002442 
-0.001418 
0.001682 
0.001418 
0.016488 
0.039791 
0.051594 
0.036105 
0.006577 
0.008513 
0.023503 
-0.005391 
-0.026948 
0.014204 
0.032172 
-0.008935 
-0.010564 
0.018057 
-0.010314 
-0.030863 
0.019460 
0.041434 
-0.000578 
-0.009146 
0.025207 
0.033118 
0.017605 
0.000379 
-0.024027 
-0.031203 
-0.009090 
0.006984 
0.007742 
0.011722 
0.003093 
-0.026791 
-0.033910 
-0.000711 
0.021018 
0.006091 
0.005228 
0.033713 
0.028103 
-0.009989 
-0.002202 
0.029755 
0.005104 
-0.026981 
0.009137 
0.040741 
0.001011 
-0.038854 
-0.026284 
0.003931 
0.030342 
0.045108 
0.026381 
-0.004760 
-0.007215 
0.001404 
-0.010086 
-0.025631 
-0.022840 
-0.002858 
0.026077 
0.043043 
0.021784 
-0.013687 
-0.009965 
0.014321 
0.004804 
-0.007759 
0.023858 
0.041482 
-0.001083 
-0.031733 
-0.005717 
0.030566 
0.051576 
0.054678 
0.031458 
0.015867 
0.025561 
0.010168 
-0.028198 
-0.034668 
-0.027414 
-0.023958 
0.012218 
0.043009 
0.010625 
-0.024515 
-0.015914 
-0.012942 
-0.008659 
0.033808 
0.057266 
0.027656 
0.002859 
0.001211 
-0.004868 
-0.003975 
0.008811 
0.006483 
-0.004178 
0.000861 
0.009989 
0.002702 
-0.012815 
-0.009445 
0.012488 
0.015120 
-0.006458 
-0.005002 
0.027962 
0.041602 
0.016654 
-0.014708 
-0.020065 
0.005636 
0.026180 
0.011114 
-0.000856 
0.027963 
0.054097 
0.036812 
0.008586 
0.001117 
0.006673 
0.014285 
0.014455 
0.007100 
0.005535 
0.006199 
0.001313 
0.005882 
0.017311 
0.010134 
-0.004085 
-0.002277 
0.003049 
0.009610 
0.024928 
0.020008 
-0.013142 
-0.024247 
-0.002203 
0.005823 
0.001846 
0.021871 
0.041083 
0.021717 
-0.003804 
0.007039 
0.025299 
0.004887 
-0.031429 
-0.022408 
0.030060 
0.047683 
0.001386 
-0.026893 
0.013603 
0.045260 
0.010791 
-0.020932 
-0.005322 
-0.000056 
-0.021573 
-0.017415 
0.010003 
0.013957 
-0.000991 
-0.002130 
0.009513 
0.011072 
-0.003972 
-0.008886 
0.010991 
0.020338 
0.007268 
0.012081 
0.029232 
0.009815 
-0.029522 
-0.037173 
-0.017861 
0.000493 
0.009452 
0.008308 
0.002136 
-0.004556 
-0.003286 
0.016417 
0.030499 
0.016521 
0.010236 
0.019068 
-0.001887 
-0.019501 
0.008880 
0.011502 
-0.024236 
-0.006662 
0.031456 
0.006076 
-0.017061 
0.004706 
-0.000578 
-0.019259 
-0.006474 
-0.018375 
-0.048205 
-0.016903 
0.031379 
0.018188 
-0.015773 
-0.021095 
-0.001133 
0.040065 
0.061346 
0.023744 
-0.019214 
-0.016888 
-0.001886 
0.006856 
0.028528 
0.039901 
0.014618 
-0.003734 
0.021881 
0.045754 
0.021027 
-0.016277 
-0.018311 
-0.002799 
-0.000917 
-0.010189 
-0.014925 
-0.006553 
0.000323 
-0.009631 
-0.010587 
0.012022 
0.019660 
0.011581 
0.021199 
0.015928 
-0.016758 
-0.012668 
0.017240 
0.007011 
-0.012505 
-0.004256 
-0.007046 
-0.014227 
0.005088 
0.014343 
0.004258 
0.008755 
0.009303 
-0.012551 
-0.026715 
-0.021358 
-0.003969 
0.017387 
0.016109 
0.001281 
0.014119 
0.032244 
0.017843 
-0.004731 
-0.020345 
-0.042586 
-0.053022 
-0.033567 
-0.009094 
-0.006322 
-0.020103 
-0.016062 
0.024869 
0.058528 
0.045874 
0.019319 
0.010721 
0.008964 
0.009075 
0.018563 
0.028190 
0.020680 
0.005227 
0.016429 
0.040626 
0.018125 
-0.016546 
0.013797 
0.042723 
0.003014 
-0.015313 
0.014583 
0.004098 
-0.019338 
0.001144 
-0.001228 
-0.025403 
0.009617 
0.052742 
0.031064 
0.002230 
0.005248 
-0.000299 
-0.012433 
0.006858 
0.039178 
0.027011 
-0.018487 
-0.013473 
0.027341 
0.004188 
-0.032499 
0.015827 
0.060894 
0.032501 
0.019529 
0.030441 
0.009801 
0.006371 
0.022167 
0.000269 
-0.004607 
0.027954 
0.019745 
0.002354 
0.028985 
0.027344 
-0.010440 
-0.008292 
0.010961 
0.009699 
0.012954 
0.012167 
0.005608 
0.021878 
0.038160 
0.034866 
0.027160 
-0.001804 
-0.040324 
-0.039474 
-0.027418 
-0.035018 
-0.025367 
-0.011473 
-0.013106 
0.018949 
0.058360 
0.028878 
-0.015873 
-0.003085 
0.017992 
0.006464 
-0.009300 
-0.016672 
-0.017192 
-0.004032 
0.021028 
0.036684 
0.013100 
-0.023395 
-0.007213 
0.029518 
0.001947 
-0.049140 
-0.036371 
0.008887 
0.016135 
-0.011291 
-0.018137 
0.026181 
0.063259 
0.034572 
0.001459 
0.019867 
0.033265 
0.016472 
0.008533 
0.005262 
0.007445 
0.029838 
0.027033 
-0.008682 
-0.013120 
0.008858 
0.014193 
0.020078 
0.026642 
0.007587 
-0.009970 
0.001589 
0.025476 
0.031888 
-0.004227 
-0.042301 
-0.013933 
0.028413 
0.005348 
-0.024063 
-0.005894 
0.013559 
0.026940 
0.038502 
0.007192 
-0.026279 
-0.000592 
0.020550 
-0.007767 
-0.020763 
-0.002259 
-0.002946 
-0.029567 
-0.051769 
-0.033543 
0.022136 
0.039318 
-0.004495 
-0.027721 
-0.007219 
0.006299 
0.019155 
0.045871 
0.046522 
0.022302 
0.015321 
0.024593 
0.034125 
0.039553 
0.027496 
0.005424 
0.005886 
0.026905 
0.035031 
0.022018 
0.006219 
0.000181 
-0.003443 
-0.013582 
-0.018828 
-0.014570 
-0.013556 
-0.009773 
0.003267 
0.002861 
-0.006615 
0.010694 
0.030214 
0.007567 
-0.018233 
-0.008880 
-0.000034 
-0.002447 
0.007620 
0.006536 
-0.011154 
0.003640 
0.032486 
0.017272 
-0.010544 
-0.005561 
0.009942 
0.022768 
0.033158 
0.019773 
0.004940 
0.019867 
0.018008 
-0.014873 
-0.009742 
0.026732 
0.017562 
-0.018642 
-0.009136 
0.030699 
0.042337 
0.026924 
0.020978 
0.029685 
0.031423 
0.024723 
0.017927 
0.003875 
-0.008828 
-0.002059 
0.015363 
0.032928 
0.040311 
0.011715 
-0.023173 
-0.001700 
0.031761 
0.007467 
-0.024857 
-0.024305 
-0.025696 
-0.013899 
0.028577 
0.047084 
0.037039 
0.037635 
0.025916 
0.003513 
0.011992 
0.018352 
-0.000092 
0.013708 
0.053795 
0.048550 
0.009798 
0.004751 
0.032082 
0.029254 
-0.017291 
-0.029264 
0.018836 
0.027892 
-0.019418 
-0.019976 
0.015646 
0.005255 
-0.013093 
-0.000188 
0.000693 
0.007024 
0.042875 
0.037098 
-0.017538 
-0.029755 
0.000567 
-0.005549 
-0.038558 
-0.030142 
0.007871 
0.018167 
0.019754 
0.049474 
0.053058 
0.008357 
0.001916 
0.035059 
0.020620 
-0.015164 
-0.016043 
-0.016880 
-0.020666 
-0.008631 
-0.016733 
-0.019436 
0.021793 
0.031385 
-0.002918 
-0.002777 
-0.004350 
-0.034998 
-0.013063 
0.024588 
-0.005319 
-0.019341 
0.016787 
0.007791 
-0.018844 
0.001154 
0.006177 
-0.013563 
-0.000216 
0.016005 
0.008179 
0.011481 
0.016868 
0.008374 
0.003653 
-0.008792 
-0.025186 
-0.018948 
-0.014653 
-0.020678 
-0.002143 
0.016777 
0.002977 
-0.008006 
-0.007570 
-0.016492 
-0.010519 
0.003447 
-0.012802 
-0.027863 
-0.017890 
-0.027208 
-0.044693 
-0.015975 
0.019845 
0.009090 
-0.002618 
0.014994 
0.012474 
-0.017803 
-0.024744 
-0.010321 
-0.008644 
-0.003460 
0.017367 
0.023936 
0.009792 
-0.006074 
-0.015416 
-0.007310 
0.009408 
-0.005182 
-0.041835 
-0.049170 
-0.029522 
-0.008493 
0.012425 
0.016527 
-0.003794 
-0.017707 
-0.012384 
-0.000538 
0.011730 
0.017671 
0.026985 
0.041369 
0.013389 
-0.036617 
-0.010544 
0.054490 
0.044906 
0.003009 
0.001939 
-0.005106 
-0.028996 
-0.029689 
-0.034346 
-0.040257 
-0.002835 
0.031413 
0.016302 
-0.001366 
-0.001355 
0.000649 
0.021226 
0.034968 
-0.006126 
-0.049338 
-0.024779 
0.025858 
0.031269 
0.001987 
-0.006323 
0.012659 
0.012852 
-0.019948 
-0.038901 
-0.011234 
0.029537 
0.039152 
0.034684 
0.052488 
0.053973 
-0.000219 
-0.036678 
-0.011451 
0.000671 
-0.009097 
0.013498 
0.022670 
-0.005493 
0.000397 
0.020221 
0.001250 
-0.003669 
0.005435 
-0.015336 
-0.005544 
0.040652 
0.042474 
0.032831 
0.040131 
0.005202 
-0.004350 
0.066315 
0.072033 
-0.002307 
-0.001684 
0.033560 
0.003586 
-0.017008 
-0.011885 
-0.041595 
-0.044841 
0.000512 
0.011730 
0.009424 
0.036179 
0.032754 
-0.001592 
-0.001585 
0.020290 
0.027110 
0.020703 
-0.001091 
-0.021922 
-0.008612 
0.023135 
0.026787 
-0.009187 
-0.039599 
-0.023930 
0.001240 
-0.000240 
0.006397 
0.016905 
-0.012440 
-0.031256 
0.002621 
0.013994 
-0.014360 
-0.010116 
0.013751 
0.006099 
-0.004988 
0.009512 
0.016054 
-0.019426 
-0.061621 
-0.033190 
0.035545 
0.018873 
-0.053639 
-0.041950 
0.017977 
0.018134 
-0.003325 
0.002117 
0.007818 
0.017875 
0.027017 
0.002303 
-0.018021 
0.000536 
0.017223 
0.017712 
0.013566 
-0.000614 
0.002108 
0.027627 
0.022012 
-0.000099 
0.022449 
0.053638 
0.045728 
0.032923 
0.034134 
0.031342 
0.022655 
0.003724 
-0.021595 
-0.022453 
0.000952 
0.013403 
0.005762 
-0.007080 
-0.011330 
-0.005132 
-0.001963 
-0.000819 
0.007034 
0.008172 
0.001718 
0.003706 
0.005871 
0.009916 
0.032510 
0.042425 
0.024702 
0.023575 
0.018625 
-0.035488 
-0.068206 
-0.026989 
0.009960 
0.007765 
0.015513 
0.019933 
-0.003274 
-0.010819 
0.004415 
0.004154 
-0.001978 
0.008076 
0.012167 
-0.004175 
-0.016647 
-0.007718 
0.012603 
0.033087 
0.050984 
0.049323 
0.016930 
-0.008294 
0.000998 
0.011296 
0.006603 
0.003506 
-0.014078 
-0.049076 
-0.057337 
-0.037831 
-0.022998 
-0.003598 
0.015119 
0.010332 
0.014164 
0.038771 
0.034477 
0.008205 
0.013335 
0.037270 
0.048151 
0.048987 
0.036552 
0.024681 
0.038035 
0.043431 
0.013753 
-0.004249 
0.011816 
0.015818 
-0.010955 
-0.034738 
-0.026543 
0.004457 
0.018813 
0.007284 
0.000374 
-0.001136 
-0.005592 
0.015656 
0.051362 
0.040359 
-0.006296 
-0.022356 
-0.003884 
0.011362 
0.009029 
-0.001103 
-0.002596 
-0.000350 
-0.004950 
0.004614 
0.028830 
0.027988 
0.012825 
0.017274 
0.011583 
-0.009035 
-0.001516 
0.006374 
-0.017554 
-0.020506 
0.009474 
0.028941 
0.053015 
0.074211 
0.035441 
-0.012611 
-0.001098 
-0.001643 
-0.042109 
-0.023937 
0.036398 
0.020532 
-0.035706 
-0.020282 
0.033946 
0.040893 
0.014668 
0.003688 
0.005495 
0.004343 
0.004275 
0.006726 
0.008848 
0.012411 
0.012063 
0.001226 
-0.004958 
0.009655 
0.023353 
0.012545 
0.001611 
0.017855 
0.034193 
0.015294 
-0.018555 
-0.033953 
-0.033410 
-0.019685 
0.005533 
0.011706 
-0.005766 
-0.006637 
0.003243 
-0.005828 
0.005303 
0.049097 
0.051424 
0.005625 
-0.012883 
0.002532 
0.013745 
0.022519 
0.025078 
0.013569 
0.009810 
0.018076 
0.029769 
0.039497 
0.017991 
-0.020712 
-0.017702 
-0.003851 
-0.026049 
-0.015835 
0.036103 
0.029336 
-0.010614 
0.002130 
0.020219 
0.014379 
0.034409 
0.048028 
0.028395 
0.041173 
0.060976 
0.014960 
-0.020713 
0.013692 
0.022758 
-0.022582 
-0.024792 
0.022008 
0.026874 
-0.008702 
-0.008608 
0.022737 
0.024961 
0.009514 
0.019809 
0.031597 
0.021875 
0.016498 
0.010984 
-0.002132 
0.010318 
0.028693 
0.002682 
-0.027275 
-0.012066 
0.009867 
0.013949 
0.020214 
0.026931 
0.029554 
0.028498 
0.016970 
0.008425 
0.007152 
-0.003298 
0.000239 
0.026312 
0.021261 
-0.005280 
0.004375 
0.020675 
0.016504 
0.029363 
0.042605 
0.030476 
0.033085 
0.035723 
-0.006253 
-0.038552 
-0.021986 
0.002001 
0.021729 
0.021861 
-0.024711 
-0.052570 
-0.018158 
0.003622 
-0.001566 
0.017163 
0.022484 
0.002655 
0.020086 
0.040302 
0.011225 
-0.004260 
0.016075 
0.020130 
0.021324 
0.029132 
0.004663 
-0.014883 
0.009973 
0.020703 
0.001186 
-0.004496 
-0.009351 
-0.013552 
0.019875 
0.040921 
0.003396 
-0.014402 
0.020306 
0.034887 
0.025788 
0.035270 
0.032584 
0.004225 
0.004632 
0.036391 
0.040513 
-0.001319 
-0.046815 
-0.044522 
-0.004035 
0.010514 
-0.010094 
-0.021329 
-0.029814 
-0.050302 
-0.038363 
0.010576 
0.043464 
0.053524 
0.045065 
0.003582 
-0.023942 
0.005086 
0.033156 
0.023665 
0.021177 
0.026018 
0.005816 
-0.011234 
-0.001063 
0.010042 
0.008457 
0.006531 
0.013359 
0.026770 
0.036257 
0.043403 
0.052948 
0.039078 
0.002895 
0.002859 
0.034107 
0.023220 
-0.020152 
-0.023116 
0.011942 
0.027321 
0.009085 
-0.007036 
0.005973 
0.026137 
0.028650 
0.034513 
0.039840 
0.011383 
-0.012834 
0.005658 
0.011949 
-0.006838 
0.012311 
0.043838 
0.028927 
0.015571 
0.037192 
0.043267 
0.021029 
0.000304 
-0.005038 
0.010400 
0.013991 
-0.024939 
-0.042243 
-0.006004 
-0.004201 
-0.040846 
-0.028043 
-0.002016 
-0.022203 
-0.017976 
0.024994 
0.019730 
-0.013032 
-0.007572 
0.002801 
0.007862 
0.034739 
0.031800 
-0.013616 
-0.009944 
0.039752 
0.038749 
-0.003410 
-0.024214 
-0.029085 
-0.024664 
-0.007874 
-0.003522 
0.003314 
0.039108 
0.051440 
0.019850 
0.017032 
0.040785 
0.020854 
-0.015165 
-0.017381 
-0.016269 
-0.009835 
0.035111 
0.062694 
0.029488 
-0.000877 
-0.000619 
-0.006097 
-0.003338 
0.016528 
0.005021 
-0.025899 
-0.017720 
0.005561 
0.006687 
0.012469 
0.017610 
-0.007055 
-0.024844 
-0.012538 
-0.014036 
-0.025582 
-0.003258 
0.022854 
0.011112 
-0.008099 
-0.004384 
0.010138 
0.015131 
-0.001669 
-0.016389 
0.012117 
0.046963 
0.022776 
-0.017430 
-0.007276 
0.016480 
0.011502 
0.002360 
0.000589 
0.000293 
0.015741 
0.029390 
0.013395 
0.005223 
0.026909 
0.020404 
-0.025874 
-0.030762 
0.019755 
0.037044 
0.002920 
-0.005755 
0.023445 
0.031299 
0.014633 
0.009989 
0.012380 
0.014011 
0.022785 
0.021309 
0.006113 
0.002113 
0.003669 
0.004056 
0.022746 
0.027345 
-0.019172 
-0.048339 
-0.015815 
0.004077 
-0.011621 
-0.005002 
0.011114 
0.002426 
0.000725 
0.005243 
-0.009305 
-0.000838 
0.034225 
0.025795 
-0.008487 
0.002565 
0.027576 
0.018595 
0.011310 
0.018231 
0.010192 
0.005509 
0.018302 
0.012119 
-0.015332 
-0.021283 
-0.001876 
0.004613 
-0.016430 
-0.031142 
-0.006671 
0.022195 
0.009373 
-0.012152 
-0.016713 
-0.034144 
-0.026913 
0.043388 
0.064510 
-0.013831 
-0.036919 
0.028507 
0.030290 
-0.018536 
-0.005806 
0.007913 
-0.025925 
-0.020063 
0.012382 
-0.002127 
-0.008981 
0.015450 
0.001907 
-0.022668 
-0.005135 
0.002836 
-0.013016 
-0.002760 
0.012548 
0.009961 
0.024595 
0.040572 
0.027974 
0.018735 
0.009124 
-0.029280 
-0.039684 
0.010456 
0.035254 
0.005388 
0.003403 
0.036605 
0.032816 
0.003120 
0.005402 
0.019237 
0.011611 
0.013675 
0.032889 
0.030240 
0.012223 
0.010675 
0.013406 
0.013876 
0.028198 
0.028002 
-0.003772 
-0.012436 
0.014019 
0.021752 
0.018926 
0.036976 
0.031703 
-0.002595 
0.009322 
0.054730 
0.055031 
0.031051 
0.033257 
0.036912 
0.030007 
0.033489 
0.029510 
0.015582 
0.021063 
0.022983 
-0.001674 
-0.016998 
-0.013008 
-0.006155 
0.013938 
0.024413 
-0.001014 
-0.007276 
0.015917 
-0.002371 
-0.029675 
0.000428 
0.018735 
-0.011260 
-0.006998 
0.023212 
0.008885 
-0.004604 
0.027656 
0.055237 
0.048855 
0.015186 
-0.025036 
-0.013767 
0.038750 
0.037043 
-0.009096 
-0.005282 
0.032693 
0.039201 
0.025746 
0.016178 
0.007173 
0.002522 
0.003539 
0.010835 
0.029086 
0.037887 
0.019955 
-0.001103 
-0.005717 
0.005867 
0.031727 
0.041919 
0.010042 
-0.019396 
0.004874 
0.044719 
0.040727 
0.013872 
0.006859 
0.007439 
0.002570 
0.008567 
0.009988 
-0.008691 
-0.004168 
0.021101 
0.003161 
-0.025825 
-0.004409 
0.005310 
-0.025949 
-0.013123 
0.026409 
0.004884 
-0.023912 
0.001481 
0.018321 
0.011489 
0.029645 
0.039962 
0.005430 
-0.017226 
0.009192 
0.038015 
0.029090 
0.006338 
0.008706 
0.024341 
0.025124 
0.017720 
0.003883 
-0.011505 
0.004932 
0.026194 
-0.006104 
-0.033112 
0.004635 
0.021928 
-0.010940 
-0.000878 
0.044837 
0.052724 
0.045826 
0.046909 
0.021920 
-0.013936 
-0.019729 
0.000429 
0.024471 
0.028726 
0.012486 
0.002855 
-0.001500 
-0.001070 
0.023772 
0.036308 
0.010522 
0.008750 
0.032979 
0.020595 
0.011764 
0.034873 
0.018463 
-0.007868 
0.031995 
0.060662 
0.018783 
-0.012781 
-0.008177 
-0.011921 
-0.012824 
-0.000433 
0.008222 
0.011709 
0.001022 
-0.008389 
0.010682 
0.011830 
-0.019445 
-0.004198 
0.033361 
0.000352 
-0.038364 
-0.006250 
0.021597 
0.013158 
0.014034 
-0.000906 
-0.034041 
-0.017832 
0.017912 
-0.002487 
-0.033026 
-0.015539 
0.002878 
-0.016524 
-0.034317 
-0.014566 
0.022137 
0.040923 
0.037410 
0.026515 
0.019871 
0.018035 
0.001030 
-0.038391 
-0.043319 
0.021239 
0.070244 
0.038912 
0.001165 
0.010618 
0.011801 
-0.007431 
0.005342 
0.023658 
-0.003124 
-0.023599 
0.001720 
0.008517 
-0.017741 
-0.004155 
0.027723 
0.002324 
-0.024356 
0.007737 
0.018798 
-0.017721 
-0.015107 
0.011905 
-0.009128 
-0.029082 
-0.007069 
-0.000237 
-0.010020 
0.000821 
0.001392 
-0.012988 
0.001118 
0.019311 
0.010486 
0.013205 
0.027412 
0.009303 
-0.024615 
-0.035262 
-0.021773 
0.002733 
0.018037 
0.019098 
0.039302 
0.073062 
0.066171 
0.034666 
0.034734 
0.043176 
0.018681 
-0.008460 
-0.001285 
0.023907 
0.040582 
0.047214 
0.048102 
0.030522 
-0.006903 
-0.024592 
-0.011077 
-0.008536 
-0.016192 
-0.007397 
-0.006888 
-0.008863 
0.024691 
0.032460 
-0.022425 
-0.025527 
0.034576 
0.017870 
-0.046077 
-0.027026 
0.017342 
0.004204 
-0.000238 
0.029223 
0.040642 
0.037891 
0.031195 
0.015411 
0.014676 
0.017092 
-0.001704 
-0.003198 
0.018252 
0.016235 
0.002065 
-0.007761 
-0.026595 
-0.014877 
0.027590 
0.019219 
-0.018796 
-0.004993 
0.018122 
0.001498 
-0.004325 
0.014013 
0.021927 
0.019759 
0.006672 
-0.009832 
-0.003137 
0.007314 
0.001867 
0.002761 
-0.000278 
-0.011522 
0.013835 
0.046366 
0.021672 
-0.008414 
0.003332 
0.003603 
-0.017259 
-0.021772 
-0.023578 
-0.030458 
-0.024499 
-0.015955 
-0.002375 
0.022167 
0.017225 
-0.014097 
-0.008573 
0.030045 
0.041922 
0.018044 
0.000051 
0.014390 
0.030861 
0.009427 
-0.011707 
0.015279 
0.039536 
0.020663 
0.003561 
0.003869 
0.004991 
0.021538 
0.038883 
0.030032 
0.031691 
0.052031 
0.036471 
0.000495 
-0.002334 
0.004301 
-0.005334 
-0.005827 
-0.002761 
-0.019277 
-0.026127 
-0.002112 
0.013573 
0.004547 
0.013102 
0.044567 
0.039482 
-0.009411 
-0.031566 
-0.007701 
0.014121 
0.014917 
-0.000438 
-0.028704 
-0.032977 
0.010309 
0.049199 
0.041412 
0.017624 
0.008757 
0.009928 
0.018150 
0.039221 
0.055694 
0.034868 
-0.000628 
0.012809 
0.051185 
0.030909 
-0.019579 
-0.022418 
-0.010836 
-0.020843 
-0.008832 
0.017293 
0.015365 
0.009723 
0.008546 
-0.013268 
-0.022695 
-0.013171 
-0.036079 
-0.050435 
-0.001254 
0.027494 
-0.007914 
-0.007564 
0.042310 
0.040966 
-0.001466 
-0.002792 
0.017234 
0.009708 
0.000378 
0.012080 
0.016159 
0.006170 
0.010442 
0.018264 
-0.001012 
-0.014952 
0.017863 
0.042973 
0.010473 
-0.006110 
0.035998 
0.046872 
-0.001420 
-0.016574 
0.010735 
0.006540 
-0.013508 
0.003244 
0.034690 
0.040595 
0.011098 
-0.026605 
-0.020585 
0.010464 
0.002457 
-0.005066 
0.027176 
0.009965 
-0.049924 
-0.023871 
0.033165 
0.003152 
-0.021261 
0.016777 
0.012337 
-0.006810 
0.035479 
0.032177 
-0.034372 
-0.017223 
0.039132 
0.002622 
-0.030755 
0.026800 
0.051890 
-0.003889 
-0.031665 
-0.016581 
-0.028583 
-0.041451 
0.002144 
0.046414 
0.017684 
-0.024509 
0.004589 
0.055699 
0.045757 
-0.004182 
-0.033845 
-0.023653 
0.010101 
0.025909 
0.016244 
0.016945 
0.016098 
-0.004563 
-0.002039 
0.019041 
0.009657 
0.001198 
0.015580 
0.009999 
0.016203 
0.057912 
0.044278 
-0.017031 
-0.016492 
0.012589 
0.003094 
0.006274 
0.017980 
-0.010437 
-0.016812 
0.020507 
0.022946 
0.000164 
-0.001092 
-0.008464 
-0.013513 
0.014158 
0.024700 
-0.006691 
-0.030548 
-0.030957 
-0.017842 
0.005545 
0.019609 
0.029415 
0.040377 
0.013223 
-0.027708 
-0.008213 
0.022688 
-0.005433 
-0.012541 
0.044794 
0.062664 
0.013957 
-0.012209 
-0.001992 
-0.001778 
0.000974 
0.020642 
0.019495 
-0.009334 
-0.017317 
0.011174 
0.030226 
0.016545 
0.005075 
0.013438 
0.014422 
-0.003204 
-0.017952 
-0.016239 
-0.005899 
0.003373 
0.014170 
0.033017 
0.042720 
0.023189 
0.004233 
0.016039 
0.020968 
-0.010498 
-0.031819 
-0.016587 
-0.007683 
-0.010193 
0.009838 
0.020502 
-0.010360 
-0.019807 
0.022430 
0.037079 
0.002291 
-0.008109 
0.012294 
0.017000 
0.015128 
0.015680 
0.000134 
-0.010494 
-0.002411 
-0.009473 
-0.025022 
-0.016186 
-0.002085 
0.003584 
0.014516 
0.012380 
-0.006417 
-0.000136 
0.022611 
0.009732 
-0.025309 
-0.029020 
0.001591 
0.021896 
0.006495 
-0.010128 
0.000640 
0.003179 
-0.012847 
0.000413 
0.032006 
0.030204 
0.014024 
0.008471 
0.001259 
0.013533 
0.035372 
0.009310 
-0.019281 
0.020014 
0.047296 
0.004321 
-0.010392 
0.035914 
0.049999 
0.012270 
-0.013162 
0.003463 
0.039825 
0.052025 
0.034400 
0.027826 
0.020873 
-0.018644 
-0.031262 
0.012507 
0.027015 
-0.006322 
-0.016080 
-0.003295 
0.001171 
0.013801 
0.021399 
0.007357 
0.007799 
0.016719 
0.001410 
-0.004365 
0.008838 
-0.004837 
-0.024122 
-0.008411 
0.001233 
-0.012636 
-0.001415 
0.030006 
0.038263 
0.027135 
0.016567 
0.012841 
0.018740 
0.024107 
0.020957 
0.012784 
-0.010790 
-0.039137 
-0.025371 
0.018928 
0.029072 
0.003920 
-0.015106 
-0.022899 
-0.016909 
0.013298 
0.035072 
0.020212 
0.003804 
0.016314 
0.031147 
0.017590 
-0.009424 
-0.017244 
-0.007291 
0.001712 
0.013020 
0.020184 
-0.004024 
-0.031490 
-0.002862 
0.046518 
0.042937 
0.010346 
0.002411 
0.010995 
0.024010 
0.038489 
0.021045 
-0.022389 
-0.027499 
0.007235 
0.019806 
0.005918 
0.006871 
0.015948 
0.003533 
-0.015151 
-0.019287 
-0.021910 
-0.020615 
0.001337 
0.010776 
-0.019602 
-0.028661 
0.011159 
0.017395 
-0.023367 
-0.020734 
0.020141 
0.020407 
-0.002420 
-0.004812 
-0.009943 
-0.017129 
-0.004007 
0.007838 
0.013064 
0.022428 
0.003688 
-0.037830 
-0.030523 
0.023364 
0.046162 
0.026924 
0.012051 
0.014719 
0.017005 
0.008679 
0.003762 
0.015999 
0.020326 
-0.008151 
-0.034992 
-0.022846 
0.004849 
0.018771 
0.022949 
0.020527 
0.007840 
-0.005882 
-0.007461 
0.004385 
0.025728 
0.047210 
0.045461 
0.011154 
-0.017908 
-0.002231 
0.030127 
0.031224 
0.012875 
0.008676 
0.019974 
0.029468 
0.021211 
-0.000370 
-0.010660 
-0.011149 
-0.020091 
-0.012519 
0.027568 
0.050460 
0.036892 
0.035537 
0.055558 
0.048401 
0.002706 
-0.033910 
-0.022374 
0.017867 
0.033591 
0.012665 
-0.006520 
-0.002629 
0.008095 
0.003797 
-0.009312 
0.001812 
0.028291 
0.016768 
-0.017924 
-0.016752 
-0.010234 
-0.035502 
-0.030984 
0.010304 
0.006187 
-0.028942 
-0.021857 
0.002539 
-0.001935 
-0.016595 
-0.019702 
0.005044 
0.053055 
0.053726 
-0.006743 
-0.028888 
0.002066 
-0.006286 
-0.033943 
0.001256 
0.036473 
-0.004314 
-0.036618 
0.001372 
0.027356 
0.003493 
-0.005375 
0.013015 
0.024617 
0.031728 
0.021015 
-0.014593 
-0.018145 
0.016546 
0.024474 
0.018427 
0.032879 
0.013309 
-0.033085 
-0.018268 
0.025647 
0.024577 
0.017018 
0.015766 
-0.020877 
-0.040788 
-0.007322 
0.001215 
-0.014788 
0.016868 
0.043338 
0.007654 
-0.012000 
0.016137 
0.025354 
0.019149 
0.023804 
-0.005037 
-0.045521 
-0.019443 
0.023804 
0.010748 
0.013744 
0.066585 
0.058872 
-0.011650 
-0.016153 
0.035570 
0.041256 
0.020818 
0.030473 
0.040067 
0.020327 
-0.014117 
-0.042361 
-0.039871 
-0.017697 
-0.010839 
0.001915 
0.037969 
0.045762 
0.015059 
0.005062 
0.025656 
0.039770 
0.034967 
0.015501 
0.000883 
0.007500 
0.015377 
0.019457 
0.035022 
0.035518 
0.007027 
-0.003669 
0.015071 
0.021735 
0.007784 
-0.009913 
-0.018715 
-0.006852 
0.011482 
0.017413 
0.017356 
0.010113 
-0.001057 
0.005278 
0.011036 
-0.003903 
-0.001429 
0.016872 
0.005822 
-0.008299 
-0.002426 
-0.011584 
-0.010843 
0.026075 
0.024538 
-0.024446 
-0.023337 
0.018429 
0.017692 
-0.002892 
0.010333 
0.034552 
0.031932 
0.008988 
0.001728 
0.025354 
0.042652 
0.022722 
-0.004327 
-0.001965 
0.019895 
0.023616 
-0.000043 
-0.002078 
0.030340 
0.026337 
-0.015909 
-0.011776 
0.021709 
0.012038 
0.002258 
0.033894 
0.038767 
-0.003886 
-0.021660 
0.008949 
0.035323 
0.025407 
0.010794 
0.019453 
0.019592 
-0.004371 
-0.007325 
0.011973 
0.008356 
-0.002520 
0.005375 
0.011081 
0.013828 
0.018083 
0.006085 
-0.005806 
-0.000271 
0.005820 
0.019584 
0.032619 
0.011650 
0.006453 
0.042069 
0.021845 
-0.044205 
-0.038386 
-0.002548 
-0.019831 
-0.024692 
0.008764 
0.026132 
0.043512 
0.049148 
-0.004894 
-0.045140 
-0.015694 
0.007169 
0.002622 
0.012223 
0.012962 
0.003853 
0.014532 
0.010046 
-0.011137 
0.000854 
0.018254 
0.008682 
0.008011 
0.012592 
0.001525 
0.010407 
0.032887 
0.020267 
-0.001981 
0.004451 
0.018340 
0.025950 
0.027048 
0.011897 
0.000485 
0.012944 
0.020770 
0.010362 
0.012153 
0.032270 
0.047983 
0.049613 
0.037152 
0.017585 
0.007413 
0.007051 
-0.002264 
-0.014780 
-0.001911 
0.026137 
0.025568 
-0.001454 
-0.001549 
0.034464 
0.052230 
0.030899 
0.008135 
0.000224 
-0.015847 
-0.033296 
-0.011265 
0.049726 
0.092192 
0.069184 
0.009513 
-0.010353 
0.014545 
0.009951 
-0.023958 
-0.011039 
0.026083 
0.013438 
-0.009822 
0.001696 
0.002696 
-0.010254 
-0.001740 
0.004409 
0.006297 
0.032763 
0.044786 
0.026290 
0.023165 
0.013511 
-0.017052 
-0.001904 
0.036100 
0.020564 
0.001467 
0.026452 
0.037398 
0.020388 
0.004725 
-0.012666 
-0.010006 
0.014429 
0.017077 
0.016229 
0.026284 
-0.001729 
-0.032541 
-0.007155 
0.007883 
-0.008586 
0.009885 
0.020665 
-0.018921 
-0.032568 
-0.013561 
-0.012787 
-0.000212 
0.013390 
-0.025085 
-0.053879 
-0.016884 
0.029876 
0.052979 
0.050452 
0.017319 
0.001186 
0.010282 
-0.013591 
-0.030674 
0.016843 
0.040758 
-0.002185 
-0.009443 
0.030703 
0.022652 
-0.021820 
-0.010561 
0.052597 
0.076737 
0.038580 
0.015710 
0.036930 
0.033676 
-0.003683 
-0.005164 
0.027101 
0.041591 
0.038627 
0.019013 
-0.029433 
-0.058302 
-0.015790 
0.047019 
0.050783 
0.018780 
0.017652 
0.024151 
-0.013139 
-0.048216 
-0.036985 
-0.031912 
-0.041015 
-0.006958 
0.034380 
0.017815 
-0.007698 
0.006508 
0.015294 
0.000725 
0.003197 
0.021885 
0.018906 
-0.002547 
-0.005812 
0.000810 
-0.016801 
-0.027849 
0.000187 
0.008486 
-0.030257 
-0.039638 
-0.001409 
0.018547 
0.008025 
-0.006355 
-0.006870 
0.021375 
0.039506 
0.011765 
-0.000760 
0.029789 
0.040774 
0.032606 
0.030523 
-0.000964 
-0.028651 
-0.000460 
0.015586 
0.002170 
0.033298 
0.057163 
0.009407 
-0.004002 
0.055452 
0.067219 
0.019423 
0.003355 
0.013997 
0.011523 
0.017592 
0.035819 
0.028014 
0.000481 
0.003650 
0.033209 
0.024870 
-0.019748 
-0.024517 
0.013825 
0.034143 
0.032739 
0.028440 
0.015019 
0.009735 
0.024190 
0.024958 
0.005264 
-0.002720 
0.004823 
0.012586 
0.011201 
-0.005688 
-0.019739 
-0.002231 
0.035712 
0.045658 
0.009959 
-0.016104 
0.007466 
0.023939 
0.001938 
0.004364 
0.016585 
-0.033435 
-0.069432 
-0.017390 
0.018303 
-0.006287 
-0.000999 
0.024651 
0.018414 
0.021662 
0.027106 
-0.003532 
-0.005043 
0.038269 
0.040462 
0.008841 
0.004758 
0.007141 
0.000022 
0.003159 
-0.000431 
-0.006146 
0.014054 
0.021295 
-0.014741 
-0.037720 
-0.010617 
0.023537 
0.025596 
0.010122 
0.001388 
-0.001864 
0.000152 
0.018713 
0.027273 
-0.004982 
-0.024180 
0.013284 
0.039014 
0.016458 
0.010610 
0.029545 
0.018069 
0.003699 
0.031627 
0.047755 
0.012020 
-0.014519 
0.007591 
0.029501 
0.022231 
0.015234 
0.012659 
0.003259 
0.010845 
0.032704 
0.028763 
0.010539 
0.008171 
0.000891 
-0.007848 
0.009980 
0.019809 
0.008031 
0.025217 
0.047478 
0.012709 
-0.030681 
-0.021851 
0.003507 
0.013480 
0.012750 
0.000805 
-0.003700 
0.002300 
-0.007702 
-0.009271 
0.019495 
0.021577 
-0.009321 
-0.002644 
0.025445 
0.022839 
0.024423 
0.039744 
0.023931 
0.003695 
0.010401 
-0.010644 
-0.056002 
-0.035757 
0.032401 
0.045758 
0.013534 
0.008816 
0.013297 
-0.007793 
-0.009983 
0.015315 
0.007564 
-0.021599 
-0.013214 
0.010125 
0.013468 
0.021724 
0.023199 
-0.011638 
-0.035849 
-0.024404 
-0.020193 
-0.012883 
0.021454 
0.026190 
-0.013198 
-0.020723 
0.010066 
0.017852 
0.007847 
0.013308 
0.016668 
-0.002480 
-0.019932 
-0.005575 
0.021323 
0.019231 
0.005955 
0.025671 
0.042356 
0.006725 
-0.033422 
-0.029580 
-0.011942 
-0.005960 
-0.004541 
-0.005995 
-0.004406 
-0.001491 
-0.010285 
-0.008155 
0.017032 
0.024242 
0.018789 
0.037303 
0.037020 
-0.001189 
-0.000109 
0.036090 
0.019628 
-0.018259 
-0.005471 
0.010315 
-0.001765 
0.014267 
0.044349 
0.026261 
-0.001522 
0.016286 
0.032427 
0.007390 
-0.016187 
-0.015758 
-0.015797 
-0.009541 
0.020714 
0.045423 
0.044103 
0.036487 
0.025199 
0.009357 
0.006447 
-0.001172 
-0.029902 
-0.029979 
0.008889 
0.018329 
0.004383 
0.024224 
0.044794 
0.031723 
0.020035 
0.006759 
-0.014200 
0.008077 
0.039623 
-0.000600 
-0.038811 
0.005359 
0.033947 
-0.008155 
-0.021059 
0.018105 
0.023841 
-0.006155 
-0.007418 
0.024622 
0.037464 
-0.004419 
-0.051712 
-0.026702 
0.029217 
0.022608 
-0.009241 
0.005774 
0.022890 
0.014526 
0.031001 
0.047655 
0.017133 
-0.001388 
0.019214 
0.010205 
-0.014627 
0.011925 
0.037324 
0.002131 
-0.026681 
0.005142 
0.049315 
0.048952 
0.005976 
-0.026623 
-0.012526 
0.005602 
-0.001316 
0.012198 
0.031325 
-0.002233 
-0.034950 
-0.015180 
-0.006106 
-0.016429 
0.005518 
0.012288 
-0.022412 
-0.020602 
0.006814 
-0.002276 
0.007236 
0.056641 
0.055672 
0.009795 
0.004949 
0.022013 
0.013288 
0.008438 
0.020425 
0.015269 
-0.012058 
-0.029862 
-0.021104 
-0.008613 
-0.013025 
-0.012989 
0.000503 
-0.005592 
-0.026163 
-0.021434 
-0.002962 
0.004725 
0.009943 
0.003456 
-0.019888 
-0.016791 
0.028824 
0.062244 
0.041100 
-0.009817 
-0.030887 
0.003989 
0.045065 
0.039165 
0.008441 
-0.007155 
-0.006259 
0.003772 
0.011887 
0.002376 
-0.005437 
0.009638 
0.012441 
-0.022117 
-0.053540 
-0.046436 
-0.018921 
-0.000277 
0.003638 
-0.003037 
-0.021139 
-0.047640 
-0.059972 
-0.037904 
-0.003404 
0.010198 
0.006837 
0.001753 
-0.002750 
0.002836 
0.022391 
0.032491 
0.022978 
0.011117 
0.001969 
-0.000351 
0.010079 
0.005768 
-0.021426 
-0.021420 
0.006865 
-0.001292 
-0.033109 
-0.021828 
0.017329 
0.035228 
0.031250 
0.023346 
0.025081 
0.022928 
-0.013443 
-0.039737 
0.000843 
0.033049 
-0.003546 
-0.021883 
0.010369 
0.019876 
0.001729 
-0.018229 
-0.039372 
-0.017622 
0.030342 
0.012458 
-0.018647 
0.021493 
0.030844 
-0.033080 
-0.044481 
-0.004314 
-0.007762 
-0.016433 
0.005376 
-0.001194 
-0.028978 
-0.027711 
-0.008223 
0.009456 
0.020735 
0.025742 
0.034126 
0.031554 
0.008886 
-0.003821 
-0.008929 
-0.016417 
0.010899 
0.039142 
0.004879 
-0.012369 
0.038676 
0.046969 
-0.005954 
-0.014015 
0.012931 
0.012088 
0.003772 
-0.002120 
-0.010162 
0.000365 
0.004315 
-0.012277 
-0.000291 
0.026969 
0.015438 
-0.000493 
0.014456 
0.015244 
-0.010943 
-0.018785 
-0.001820 
0.001119 
-0.014357 
-0.002193 
0.026564 
-0.001870 
-0.047382 
-0.003051 
0.068164 
0.049624 
0.001117 
-0.000216 
0.009750 
0.025298 
0.052542 
0.035818 
-0.018563 
-0.037688 
-0.010913 
0.024547 
0.037897 
0.023428 
0.020678 
0.032582 
0.007383 
-0.025172 
-0.008769 
0.009791 
-0.002183 
-0.012359 
-0.027292 
-0.041496 
-0.017570 
0.007207 
0.001774 
0.011217 
0.024923 
0.011285 
0.010554 
0.020308 
0.006412 
0.006382 
0.023654 
0.012447 
0.000273 
0.002762 
-0.015229 
-0.015566 
0.020517 
0.026525 
0.018433 
0.036812 
0.021261 
-0.019095 
-0.004654 
0.015135 
-0.010345 
-0.014879 
0.000395 
-0.006574 
0.006999 
0.025657 
-0.011680 
-0.038704 
-0.006213 
0.006877 
-0.003602 
0.023838 
0.045263 
0.026889 
0.019026 
0.015251 
-0.001212 
0.027618 
0.079122 
0.047039 
-0.031871 
-0.029652 
0.037110 
0.059025 
0.018117 
-0.017867 
-0.004871 
0.028852 
0.031416 
0.008997 
-0.000873 
-0.009257 
-0.018387 
0.014450 
0.059747 
0.049756 
0.029286 
0.052919 
0.057673 
0.021683 
0.019894 
0.043039 
0.026564 
-0.001711 
-0.002480 
0.000457 
-0.001302 
0.003528 
0.004557 
0.000074 
-0.002555 
-0.002627 
0.010337 
0.029280 
0.031444 
0.023224 
0.006449 
-0.020491 
-0.012279 
0.036317 
0.051912 
0.035974 
0.048083 
0.046833 
-0.002656 
-0.024055 
0.000697 
0.007348 
0.001692 
0.011423 
0.007910 
-0.009313 
-0.012123 
-0.002764 
0.022070 
0.049756 
0.036375 
0.005499 
0.009494 
0.012049 
-0.017390 
-0.029116 
-0.015142 
-0.005954 
0.015165 
0.030543 
0.000252 
-0.016029 
0.020903 
0.027294 
-0.012428 
-0.011347 
0.020493 
0.026144 
0.029960 
0.025932 
-0.018346 
-0.035416 
0.012678 
0.036611 
0.009612 
-0.000686 
0.002416 
-0.005213 
0.005232 
0.016043 
-0.004091 
-0.013310 
0.001804 
-0.001407 
-0.012143 
-0.008325 
-0.011200 
-0.000640 
0.041978 
0.050431 
0.002933 
-0.019596 
0.011993 
0.044892 
0.055972 
0.048850 
0.018632 
-0.010196 
-0.004716 
0.016516 
0.010779 
-0.016632 
-0.018380 
0.007758 
0.012485 
0.002256 
0.034471 
0.079330 
0.051907 
-0.014878 
-0.020601 
0.022814 
0.029940 
-0.004129 
-0.013135 
0.022652 
0.058781 
0.065692 
0.058094 
0.049333 
0.033602 
0.012485 
-0.012071 
-0.034325 
-0.020324 
0.030800 
0.051223 
0.020668 
0.005970 
0.021939 
0.015688 
-0.006015 
-0.009572 
-0.017022 
-0.029779 
-0.010068 
0.019887 
0.013970 
-0.002244 
0.001441 
0.005314 
0.011171 
0.026908 
0.012609 
-0.035083 
-0.045594 
-0.004944 
0.011816 
-0.017121 
-0.031043 
-0.009393 
0.000054 
-0.021014 
-0.029895 
-0.007554 
0.012037 
0.014407 
0.017709 
0.015864 
-0.002232 
-0.010519 
-0.000516 
-0.000151 
-0.007073 
-0.009004 
-0.026040 
-0.049076 
-0.035285 
0.005466 
0.030576 
0.034610 
0.025481 
0.016659 
0.029673 
0.037198 
0.004957 
-0.023784 
-0.012066 
0.004809 
0.014939 
0.030912 
0.017186 
-0.026197 
-0.031577 
0.007120 
0.031461 
0.019675 
-0.009738 
-0.024513 
-0.007047 
0.003622 
-0.017991 
-0.021734 
0.006836 
0.017137 
0.002460 
-0.015410 
-0.027848 
-0.013105 
0.008298 
-0.012048 
-0.026904 
0.008745 
0.021972 
0.001150 
0.015447 
0.024198 
-0.005644 
0.007393 
0.041041 
0.003382 
-0.035744 
-0.006162 
0.015527 
0.013888 
0.040793 
0.057717 
0.035773 
0.014709 
-0.001346 
-0.015713 
-0.009669 
-0.000815 
0.010083 
0.041890 
0.044270 
-0.002756 
-0.025502 
-0.010281 
-0.002332 
0.006811 
0.020594 
0.022445 
0.037829 
0.052865 
0.016620 
-0.025848 
-0.017960 
-0.002069 
-0.001065 
0.014550 
0.029605 
0.019902 
0.003739 
-0.009927 
-0.020639 
-0.009839 
0.020136 
0.039973 
0.035838 
0.029852 
0.045327 
0.053840 
0.024529 
-0.006962 
-0.009691 
-0.000213 
0.023821 
0.048629 
0.024383 
-0.012091 
0.000613 
0.007504 
-0.016252 
-0.003024 
0.024428 
0.010847 
0.005393 
0.017259 
0.003497 
0.015116 
0.057539 
0.033793 
-0.021215 
-0.007881 
0.015679 
-0.015694 
-0.041232 
-0.025865 
0.007029 
0.039802 
0.034433 
-0.006694 
-0.018053 
-0.004070 
-0.005770 
0.008119 
0.035303 
0.015666 
-0.016664 
0.002392 
0.028198 
0.021783 
0.012944 
-0.005710 
-0.039026 
-0.026278 
0.031855 
0.049299 
0.021295 
0.018314 
0.038939 
0.040739 
0.030110 
0.021145 
0.008040 
0.004731 
0.023065 
0.037650 
0.028151 
0.003521 
-0.017932 
-0.019426 
-0.007525 
-0.004422 
-0.000955 
0.023536 
0.045139 
0.033608 
0.010276 
0.005860 
0.006752 
-0.021740 
-0.063504 
-0.044857 
0.033752 
0.060588 
0.006808 
-0.019899 
0.009955 
0.015733 
-0.004825 
0.001469 
0.010739 
-0.011033 
-0.029434 
-0.015240 
0.002124 
-0.006304 
-0.016685 
-0.002820 
0.006784 
-0.009278 
-0.016143 
-0.009968 
-0.022496 
-0.021006 
0.021403 
0.040059 
-0.000761 
-0.046335 
-0.050460 
-0.019937 
-0.000065 
-0.022330 
-0.031131 
0.007083 
0.012037 
-0.016452 
0.011532 
0.038448 
-0.003553 
-0.004444 
0.047840 
0.021713 
-0.027865 
0.004009 
0.019113 
-0.014851 
0.007477 
0.042628 
0.016315 
0.010701 
0.038546 
0.020114 
-0.003280 
0.007511 
-0.004203 
-0.009729 
0.036763 
0.048628 
-0.006095 
-0.025965 
0.004954 
0.010075 
-0.004404 
0.008012 
0.026599 
0.018205 
0.003224 
0.007541 
0.009804 
-0.004510 
-0.002940 
0.018584 
0.021631 
0.016600 
0.031145 
0.030070 
0.005312 
0.005505 
0.012372 
-0.014092 
-0.029719 
-0.009752 
0.001373 
0.005807 
0.028655 
0.034890 
0.014911 
0.011414 
0.019313 
0.009641 
0.001372 
0.012782 
0.024278 
0.026335 
0.029482 
0.027992 
0.010132 
-0.005564 
0.011913 
0.045324 
0.046422 
0.017631 
-0.004852 
-0.013292 
-0.009803 
0.001780 
-0.004322 
-0.029423 
-0.038357 
-0.032144 
-0.030733 
-0.017380 
0.006602 
0.008047 
-0.008950 
-0.017066 
-0.017733 
-0.024858 
-0.034916 
-0.026724 
0.002998 
0.009655 
-0.019564 
-0.020553 
0.012352 
0.014493 
0.006969 
0.033345 
0.037009 
0.001628 
-0.001205 
0.017753 
0.013993 
0.028951 
0.056409 
0.027050 
-0.018370 
-0.003583 
0.027076 
0.020593 
0.011999 
0.022740 
0.028471 
0.022458 
0.019788 
0.031409 
0.044121 
0.030979 
0.002513 
-0.004242 
0.003706 
-0.003809 
-0.009833 
0.008730 
0.021431 
0.000335 
-0.022320 
-0.011308 
0.006627 
0.000625 
-0.000430 
0.024051 
0.028811 
-0.011589 
-0.037513 
-0.005300 
0.028278 
0.004198 
-0.035386 
-0.019513 
0.034035 
0.052770 
0.018368 
-0.022628 
-0.028728 
-0.015638 
-0.024232 
-0.043214 
-0.033721 
-0.016890 
-0.025388 
-0.022312 
0.010014 
0.021641 
0.006858 
0.002639 
0.004281 
0.005071 
0.013466 
0.008321 
-0.006925 
0.006429 
0.025180 
0.010829 
-0.002971 
0.004021 
0.005687 
0.003198 
0.000628 
-0.017828 
-0.035769 
-0.031081 
-0.016744 
0.000186 
0.017792 
0.024067 
0.026676 
0.029473 
0.025950 
0.031678 
0.033994 
0.001769 
-0.015267 
0.022270 
0.037808 
0.010940 
0.018760 
0.029448 
-0.016015 
-0.027835 
0.026574 
0.023947 
-0.029849 
0.000287 
0.069745 
0.042686 
-0.028103 
-0.033708 
-0.013126 
-0.018788 
-0.013216 
0.006443 
0.000164 
-0.012120 
-0.001810 
0.005169 
-0.010262 
-0.030250 
-0.024694 
0.022128 
0.065172 
0.046669 
0.007738 
0.002400 
-0.011045 
-0.035810 
-0.005480 
0.044721 
0.031635 
-0.009939 
-0.016252 
-0.002546 
0.003808 
-0.003392 
-0.015196 
-0.007797 
0.008829 
0.013803 
0.021388 
0.022044 
0.001847 
0.006434 
0.034403 
0.016453 
-0.027840 
-0.037631 
-0.031248 
-0.023311 
-0.017705 
-0.046884 
-0.063769 
-0.009903 
0.031507 
0.008830 
0.005251 
0.030753 
0.030725 
0.027070 
0.025799 
0.011993 
0.024744 
0.039052 
-0.001052 
-0.025070 
0.007689 
0.014461 
-0.001104 
0.010969 
-0.002632 
-0.031860 
0.007860 
0.058730 
0.033432 
-0.007036 
-0.006817 
-0.001135 
-0.009340 
-0.031687 
-0.055340 
-0.035013 
0.010388 
0.004556 
-0.033818 
-0.025406 
0.009742 
-0.005971 
-0.053999 
-0.048783 
0.004768 
0.021560 
0.008480 
0.038243 
0.063509 
0.008619 
-0.046057 
-0.018425 
0.020045 
0.010327 
-0.000083 
0.012960 
0.024899 
0.027136 
0.019442 
0.011981 
0.015187 
0.008971 
-0.002834 
0.014200 
0.028840 
-0.000809 
-0.014225 
0.022426 
0.029349 
-0.006241 
-0.003799 
0.025372 
0.012742 
-0.017519 
-0.016443 
0.000613 
0.014999 
0.024423 
0.019067 
0.004299 
-0.007058 
-0.008459 
0.010790 
0.036513 
0.038498 
0.033669 
0.039997 
0.021806 
-0.014183 
-0.010641 
0.017560 
0.017492 
-0.001062 
-0.006025 
0.008068 
0.029954 
0.032521 
0.013556 
0.011638 
0.022779 
0.007056 
-0.023220 
-0.029473 
-0.005127 
0.020142 
0.006160 
-0.024467 
-0.011518 
0.013508 
0.007194 
0.029942 
0.067572 
0.022822 
-0.032054 
-0.002296 
0.010647 
-0.018611 
0.021206 
0.062976 
0.008981 
-0.020747 
0.015778 
0.000646 
-0.032306 
-0.000162 
0.019333 
-0.010132 
-0.017235 
-0.000134 
0.015333 
0.031053 
0.010695 
-0.031715 
-0.021119 
0.013456 
0.008115 
0.001706 
0.014799 
0.007309 
0.002606 
0.023546 
0.015337 
-0.017299 
-0.006709 
0.020149 
0.001094 
-0.019953 
0.004814 
0.017231 
-0.008737 
0.000798 
0.049091 
0.044835 
-0.005728 
-0.011408 
0.014876 
0.004542 
-0.017051 
-0.003870 
0.020624 
0.023888 
0.004380 
-0.016048 
0.000762 
0.046281 
0.053061 
0.012242 
-0.009312 
0.012590 
0.043668 
0.048104 
0.010616 
-0.032389 
-0.029065 
-0.010401 
-0.026581 
-0.032431 
0.004901 
0.029854 
0.027819 
0.028447 
0.013760 
-0.003153 
0.026101 
0.043787 
-0.008769 
-0.036159 
0.015423 
0.043776 
0.010238 
-0.006290 
0.019849 
0.040109 
0.018428 
-0.027130 
-0.030729 
0.015686 
0.031625 
0.003854 
-0.012743 
-0.026609 
-0.039074 
-0.007592 
0.024718 
-0.003239 
-0.038244 
-0.029528 
-0.002298 
0.017840 
0.009805 
-0.010273 
0.008160 
0.019934 
-0.024439 
-0.027736 
0.038800 
0.050866 
0.012059 
0.015268 
0.016440 
-0.014381 
-0.009223 
0.028203 
0.056035 
0.061330 
0.019364 
-0.013551 
0.036973 
0.065096 
0.000583 
-0.023792 
0.008106 
-0.012898 
-0.029892 
0.005677 
-0.004636 
-0.038065 
-0.007042 
0.011232 
-0.023146 
-0.016222 
0.024458 
0.025738 
0.007200 
-0.003227 
-0.012120 
-0.009949 
-0.001607 
0.001500 
0.011245 
0.017532 
0.006609 
0.001267 
0.011340 
0.027767 
0.041374 
0.023695 
-0.024014 
-0.046884 
-0.021298 
0.021230 
0.040750 
0.015556 
-0.017361 
-0.007859 
0.005633 
-0.007264 
0.011217 
0.048963 
0.026971 
-0.018669 
-0.013771 
0.009829 
0.010089 
-0.001583 
-0.009743 
0.004755 
0.026547 
0.010741 
-0.007411 
0.019822 
0.034587 
0.007382 
-0.001149 
0.005041 
-0.014070 
-0.017840 
0.010196 
0.018658 
0.005349 
-0.001136 
-0.006622 
-0.009328 
-0.002171 
-0.003939 
-0.013310 
-0.009432 
-0.000996 
0.003572 
0.008304 
-0.002723 
-0.023766 
-0.014892 
0.005328 
-0.024129 
-0.064663 
-0.027924 
0.038351 
0.032222 
-0.005250 
0.000808 
0.003143 
-0.024192 
-0.018881 
0.003338 
-0.005561 
0.005245 
0.037509 
0.009964 
-0.035388 
-0.015436 
0.004126 
-0.015450 
0.002030 
0.033341 
0.008120 
-0.009586 
0.021643 
0.023938 
-0.010312 
-0.016607 
-0.008661 
-0.014470 
-0.009304 
0.005358 
0.005107 
-0.004871 
-0.008576 
0.000678 
0.012122 
0.006726 
-0.001438 
0.005364 
-0.000155 
-0.018811 
-0.011750 
0.007802 
0.016817 
0.030295 
0.023257 
-0.018637 
-0.021106 
0.030679 
0.051888 
0.036974 
0.030590 
0.015618 
0.005034 
0.027513 
0.029971 
0.002156 
0.008136 
0.018334 
-0.014794 
-0.020914 
0.021752 
0.027219 
-0.016018 
-0.042892 
-0.027244 
0.009137 
0.018087 
-0.003811 
0.014030 
0.058519 
0.032210 
-0.021263 
0.000320 
0.038373 
0.027221 
0.018821 
0.018177 
-0.005605 
-0.004637 
0.025555 
0.018633 
-0.003809 
0.005729 
0.010397 
0.001767 
0.017423 
0.028516 
0.006164 
-0.000684 
0.019929 
0.017746 
0.001933 
0.014682 
0.036001 
0.037693 
0.039492 
0.049596 
0.047010 
0.032528 
0.020872 
0.016087 
0.017511 
0.011686 
-0.006684 
-0.012448 
-0.003058 
-0.007721 
-0.017693 
-0.012859 
-0.015114 
-0.023777 
-0.013526 
0.001662 
0.016993 
0.039362 
0.033363 
0.010507 
0.026434 
0.027674 
-0.029219 
-0.034644 
0.024681 
0.016543 
-0.024605 
0.010784 
0.039456 
-0.003211 
-0.014877 
0.019358 
0.015327 
-0.003587 
0.012453 
0.028575 
0.017858 
0.002622 
0.011905 
0.044164 
0.048947 
0.005515 
-0.023473 
-0.010944 
-0.007652 
-0.016746 
-0.001035 
0.017495 
0.003143 
-0.020948 
-0.016599 
0.004756 
0.007931 
0.001799 
0.015938 
0.023943 
-0.007875 
-0.034299 
-0.015078 
0.007490 
0.000180 
-0.011717 
-0.009895 
-0.006586 
-0.006057 
0.005354 
0.024347 
0.025435 
0.010761 
0.006202 
-0.001879 
-0.028794 
-0.037379 
-0.019352 
-0.009646 
-0.004457 
0.003059 
-0.006892 
-0.023395 
-0.037612 
-0.053653 
-0.025412 
0.040310 
0.044136 
0.003397 
0.014398 
0.034580 
0.008272 
-0.012770 
-0.019419 
-0.020806 
0.024212 
0.055969 
0.000332 
-0.037541 
0.006306 
0.026662 
0.000816 
-0.001933 
0.003980 
-0.002469 
0.004606 
0.011545 
0.005803 
0.003198 
-0.006435 
-0.015049 
-0.001919 
-0.000037 
-0.021832 
-0.025973 
-0.014411 
-0.018551 
-0.027779 
-0.020094 
0.007757 
0.034982 
0.029605 
0.014090 
0.023954 
0.022857 
0.000257 
0.011486 
0.039631 
0.024741 
-0.002434 
0.003729 
0.015257 
0.006245 
-0.006554 
-0.001042 
0.013562 
0.004940 
-0.007972 
0.015385 
0.031093 
0.000664 
-0.017461 
-0.008953 
-0.020609 
-0.020623 
0.014835 
0.023691 
0.002275 
-0.001270 
0.002297 
0.003516 
0.016383 
0.020271 
0.009878 
0.009699 
0.016358 
0.021436 
0.015504 
-0.009800 
-0.010860 
0.019846 
0.018006 
0.006112 
0.024239 
-0.006833 
-0.062845 
-0.008203 
0.067548 
0.026290 
-0.002656 
0.052935 
0.049690 
-0.012808 
-0.022245 
-0.007692 
0.001133 
0.030457 
0.026779 
-0.014512 
-0.009889 
0.016927 
0.012265 
0.017405 
0.029053 
0.006877 
-0.005406 
0.009981 
0.003658 
-0.006298 
0.013702 
0.026172 
0.020511 
0.027585 
0.036774 
0.030925 
0.027739 
0.027716 
0.008745 
-0.018592 
-0.019118 
0.004362 
0.009932 
-0.005740 
-0.005263 
0.004257 
-0.001281 
0.001047 
0.014673 
0.006403 
-0.012394 
-0.018362 
-0.029886 
-0.037205 
-0.011972 
0.014139 
0.013833 
0.011296 
0.010731 
-0.004582 
-0.027092 
-0.038507 
-0.023658 
0.005226 
0.004043 
-0.010558 
0.017595 
0.038648 
-0.001978 
-0.019165 
0.021298 
0.022380 
-0.005555 
0.023363 
0.043527 
-0.007626 
-0.029077 
0.013595 
0.021541 
-0.013454 
-0.021083 
-0.004661 
0.012180 
0.035834 
0.043552 
0.022128 
0.005865 
0.004141 
0.000394 
0.009881 
0.039312 
0.045704 
0.012590 
-0.008191 
0.006678 
0.006620 
-0.021560 
-0.015168 
0.022963 
0.014281 
-0.017815 
0.007784 
0.039685 
0.002743 
-0.028974 
0.011625 
0.051774 
0.038269 
0.008096 
-0.017499 
-0.032038 
-0.014127 
0.016595 
0.019974 
0.011443 
0.022132 
0.037358 
0.035231 
0.015846 
-0.013927 
-0.031184 
-0.009114 
0.026783 
0.022457 
-0.002544 
0.007746 
0.020727 
-0.011657 
-0.029771 
0.013299 
0.044757 
0.018114 
-0.018779 
-0.039062 
-0.041609 
-0.018806 
-0.004005 
-0.013262 
0.002790 
0.040600 
0.046404 
0.039393 
0.036858 
0.000373 
-0.031191 
0.001706 
0.037543 
0.028797 
0.024845 
0.020737 
-0.020835 
-0.044722 
-0.015857 
0.009022 
0.011571 
0.017654 
0.015885 
0.003343 
0.006463 
0.017186 
0.011235 
0.001929 
0.010157 
0.025542 
0.021370 
-0.000699 
-0.002479 
0.019382 
0.016983 
-0.015963 
-0.028804 
-0.003574 
0.027009 
0.031877 
0.007046 
-0.013300 
0.000958 
0.012539 
-0.015580 
-0.041129 
-0.024677 
0.003296 
0.011560 
0.006404 
-0.001796 
-0.002678 
0.005394 
0.007398 
0.006033 
0.010369 
0.006283 
-0.004309 
0.002278 
0.015910 
0.014745 
0.010004 
0.003070 
-0.013086 
-0.007716 
0.026105 
0.036649 
0.013933 
0.006141 
0.011066 
-0.009280 
-0.029272 
-0.009393 
0.016830 
0.005820 
-0.013391 
0.007178 
0.044348 
0.034959 
-0.018273 
-0.035851 
0.011381 
0.039653 
-0.001732 
-0.033144 
0.002145 
0.033928 
0.017425 
0.011956 
0.034445 
0.030180 
0.001920 
-0.002197 
0.013572 
0.015092 
0.002513 
0.000878 
0.016772 
0.021988 
0.001344 
-0.008528 
0.005414 
0.000785 
-0.017135 
0.001887 
0.041903 
0.050168 
0.030018 
0.011368 
0.003215 
0.004811 
0.010394 
0.016335 
0.015790 
-0.003462 
-0.018236 
-0.004791 
0.001917 
-0.006054 
0.014310 
0.031302 
0.003606 
0.001568 
0.036936 
0.018450 
-0.019184 
0.006941 
0.029475 
0.007019 
0.012548 
0.032191 
0.019116 
0.030157 
0.060446 
0.029866 
-0.018466 
-0.006210 
0.027826 
0.034062 
0.013710 
-0.028298 
-0.049528 
-0.011030 
0.032043 
0.028819 
0.013994 
0.006072 
-0.015517 
-0.027795 
-0.002719 
0.016567 
-0.009129 
-0.033823 
-0.009292 
0.028870 
0.031278 
0.014804 
0.012876 
0.023000 
0.028017 
0.018906 
0.011507 
0.022306 
0.023486 
0.000078 
-0.007960 
0.000765 
-0.008189 
-0.003703 
0.028578 
0.025312 
-0.004140 
0.005513 
0.024295 
0.016710 
0.020011 
0.026497 
0.006642 
-0.002186 
0.008733 
0.003664 
0.002526 
0.025011 
0.039782 
0.034052 
0.015772 
-0.005124 
-0.003119 
0.011131 
-0.002392 
-0.020245 
-0.004943 
0.017365 
0.032164 
0.054826 
0.065959 
0.046444 
0.021059 
0.018379 
0.033058 
0.028650 
-0.013055 
-0.046718 
-0.033169 
-0.006503 
0.001196 
0.003140 
0.003837 
-0.005533 
-0.016019 
-0.008784 
0.007588 
-0.003671 
-0.028699 
-0.006431 
0.029099 
-0.000830 
-0.030692 
0.008976 
0.028128 
-0.001504 
0.008255 
0.031168 
0.011490 
0.014101 
0.037498 
0.002028 
-0.040385 
-0.018020 
0.009984 
0.006613 
0.012936 
0.025539 
0.005685 
-0.027412 
-0.014551 
0.031450 
0.025733 
-0.015643 
0.007951 
0.045499 
-0.003384 
-0.049098 
-0.020060 
-0.006439 
-0.017681 
0.002046 
0.005858 
-0.009164 
0.012190 
0.016364 
-0.015995 
-0.006848 
0.010320 
-0.017178 
-0.015076 
0.023481 
0.021252 
0.001001 
0.002315 
0.000012 
0.000471 
0.006230 
-0.010048 
-0.025411 
-0.022027 
-0.015266 
0.013901 
0.053222 
0.052458 
0.039532 
0.046904 
0.038182 
0.024270 
0.025073 
-0.007238 
-0.045827 
-0.015929 
0.027939 
0.015078 
-0.005230 
0.006601 
0.021673 
0.028486 
0.029862 
0.016975 
-0.008897 
-0.024995 
-0.000800 
0.036369 
0.019482 
-0.017668 
0.010639 
0.062191 
0.048924 
0.002913 
-0.003694 
0.024295 
0.030421 
-0.014502 
-0.051165 
-0.021599 
0.010996 
-0.008056 
-0.020820 
-0.003392 
0.004230 
0.006598 
0.004774 
-0.016851 
-0.014563 
0.020451 
0.025068 
0.004010 
-0.001537 
-0.008240 
-0.014369 
0.005455 
0.022909 
0.010399 
-0.013476 
-0.018945 
0.016870 
0.054121 
0.025744 
-0.015691 
0.007536 
0.035989 
0.017979 
-0.000694 
-0.013912 
-0.026324 
0.004629 
0.039093 
0.013399 
-0.008589 
0.019489 
0.033281 
0.015232 
0.015031 
0.041529 
0.064481 
0.046566 
-0.009747 
-0.027522 
0.017116 
0.040669 
0.019361 
0.005367 
-0.006834 
-0.032868 
-0.034304 
-0.010460 
-0.002695 
-0.011488 
-0.021534 
-0.027787 
-0.015095 
0.007581 
0.006429 
-0.015196 
-0.022936 
-0.009041 
0.006300 
0.011628 
0.015876 
0.026670 
0.031615 
0.026446 
0.025778 
0.022782 
0.009241 
0.008917 
0.018543 
0.002160 
-0.017484 
0.004299 
0.030483 
0.021907 
0.012955 
0.014453 
0.004403 
0.006380 
0.023805 
0.008197 
-0.020663 
-0.004554 
0.023426 
0.017520 
0.002110 
-0.009877 
-0.020082 
-0.007613 
0.006942 
-0.007076 
-0.005213 
0.026873 
0.021498 
-0.014221 
-0.004568 
0.030747 
0.021067 
-0.017962 
-0.029271 
-0.014516 
-0.009159 
-0.017030 
-0.018497 
-0.012556 
-0.006217 
0.008414 
0.021870 
0.014378 
-0.003546 
-0.020341 
-0.027200 
0.000852 
0.034981 
0.014105 
-0.018765 
0.004882 
0.036550 
0.036385 
0.038645 
0.026391 
-0.016758 
-0.034687 
-0.024001 
-0.024900 
-0.014052 
0.008663 
0.000980 
-0.005870 
0.011837 
-0.001817 
-0.040982 
-0.035856 
0.002047 
0.007429 
-0.019116 
-0.016319 
0.029285 
0.041248 
-0.005916 
-0.015216 
0.031299 
0.031783 
-0.002957 
0.007623 
0.025059 
0.012218 
0.012144 
0.006007 
-0.030697 
-0.025247 
0.030331 
0.042580 
0.011437 
0.017245 
0.051018 
0.043099 
0.004248 
-0.006226 
-0.007052 
-0.036428 
-0.040650 
0.003435 
0.010655 
-0.022132 
-0.008442 
0.026871 
0.028332 
0.029884 
0.032980 
0.020467 
0.029260 
0.032500 
-0.009167 
-0.019579 
0.015282 
0.015778 
0.016683 
0.046661 
0.025135 
-0.011607 
0.017857 
0.031139 
-0.004394 
0.005289 
0.031676 
0.010719 
0.005985 
0.026569 
0.012740 
-0.004241 
0.003726 
0.001364 
-0.004098 
0.003479 
0.008527 
0.021771 
0.038156 
0.030989 
0.026631 
0.033573 
0.014816 
-0.004864 
0.008810 
0.020667 
0.020485 
0.028442 
0.022570 
0.009409 
0.025840 
0.040089 
0.029725 
0.039970 
0.057478 
0.027969 
-0.008077 
0.003405 
0.015588 
-0.002869 
-0.000540 
0.030486 
0.037841 
0.022772 
0.020441 
0.016060 
-0.004430 
-0.011734 
0.001908 
0.018303 
0.028463 
0.019670 
0.002405 
0.017730 
0.054911 
0.061746 
0.041291 
0.020841 
0.000558 
-0.004148 
0.015524 
0.029781 
0.025364 
0.013057 
0.000049 
-0.005315 
-0.013938 
-0.028589 
-0.001576 
0.048700 
0.023470 
-0.042021 
-0.033151 
0.008859 
0.010877 
0.017856 
0.040831 
0.041860 
0.047277 
0.053173 
0.014880 
-0.019432 
-0.003404 
0.014061 
0.013234 
0.011123 
-0.008586 
-0.022065 
0.018061 
0.061307 
0.037612 
-0.012793 
-0.019000 
0.009847 
0.019080 
0.000208 
-0.000832 
0.031651 
0.051317 
0.024202 
-0.017382 
-0.027213 
-0.021973 
-0.039429 
-0.041552 
0.011994 
0.049247 
0.024412 
0.011536 
0.020790 
-0.001269 
-0.009642 
0.017887 
0.011440 
-0.007692 
0.011861 
0.016356 
0.006361 
0.027667 
0.018549 
-0.028275 
-0.030750 
-0.020818 
-0.027204 
0.007367 
0.016136 
-0.054013 
-0.059021 
0.015174 
0.013616 
-0.021437 
0.009386 
0.029580 
0.023691 
0.053435 
0.057613 
0.012250 
0.000113 
0.002724 
-0.023219 
-0.019777 
0.013674 
0.013574 
-0.007392 
-0.014381 
-0.008804 
0.012832 
0.034570 
0.021549 
-0.011158 
-0.014736 
0.022011 
0.052627 
0.036165 
0.010566 
0.012979 
0.006428 
-0.004888 
0.024123 
0.043680 
0.010385 
-0.001846 
0.026264 
0.022796 
-0.000645 
0.006386 
0.016779 
0.003001 
-0.003147 
0.031581 
0.073247 
0.045336 
-0.022563 
-0.006522 
0.065378 
0.054433 
-0.004858 
-0.005447 
0.015130 
0.010190 
0.005159 
-0.005498 
-0.015252 
0.009743 
0.030967 
0.012052 
-0.005422 
-0.005344 
-0.000525 
0.013450 
0.009834 
-0.015509 
-0.009034 
0.012641 
-0.010664 
-0.041794 
-0.032943 
-0.020132 
-0.022267 
-0.019171 
-0.009694 
0.009262 
0.033681 
0.034412 
0.011913 
-0.000680 
0.006150 
0.018875 
0.023987 
0.018064 
0.014003 
0.012857 
0.005795 
0.004898 
0.010573 
0.008152 
0.006872 
0.002940 
-0.020455 
-0.030714 
-0.012306 
-0.010561 
-0.006450 
0.047358 
0.080844 
0.040033 
0.002532 
0.004015 
-0.003005 
-0.006943 
0.015502 
0.022534 
0.007811 
0.008839 
0.014369 
0.003724 
0.000339 
0.017284 
0.029350 
0.019548 
-0.000303 
-0.020090 
-0.038629 
-0.037637 
-0.004906 
0.021245 
0.011633 
0.000510 
0.005720 
0.009532 
0.026896 
0.060970 
0.069343 
0.050749 
0.035579 
0.015387 
-0.003248 
0.002454 
-0.001393 
-0.026918 
-0.022339 
0.004726 
-0.000338 
-0.025170 
-0.036257 
-0.036181 
-0.023807 
-0.012767 
-0.026304 
-0.030861 
-0.000812 
0.016267 
0.000180 
-0.003019 
0.024011 
0.047042 
0.038350 
0.008245 
-0.005894 
0.004792 
0.011314 
0.013527 
0.018590 
-0.003491 
-0.039507 
-0.027720 
0.019400 
0.034881 
0.015664 
0.001130 
0.003941 
0.013316 
0.014288 
0.012551 
0.017955 
0.007772 
-0.017020 
-0.015465 
0.000271 
-0.004566 
0.000254 
0.021327 
0.014536 
0.006035 
0.029296 
0.032524 
0.003419 
-0.016326 
-0.041226 
-0.061990 
-0.022453 
0.025510 
0.013025 
0.013677 
0.055025 
0.036469 
-0.024610 
-0.008688 
0.048430 
0.033062 
-0.022064 
-0.028756 
-0.001741 
0.009323 
0.006641 
0.007549 
0.008573 
0.006056 
0.003085 
-0.000676 
0.000536 
0.011728 
0.016992 
0.002308 
-0.010560 
0.000550 
0.010669 
-0.006037 
-0.021497 
-0.002423 
0.030628 
0.045663 
0.045747 
0.032660 
0.006705 
0.000176 
0.018443 
0.019750 
0.009241 
0.017572 
0.007146 
-0.036185 
-0.039188 
0.006076 
0.025076 
0.010455 
-0.001383 
-0.010695 
-0.012583 
-0.000503 
0.002895 
-0.006236 
-0.017472 
-0.026533 
-0.005603 
0.032460 
0.029732 
0.016779 
0.038653 
0.027640 
-0.023787 
-0.016292 
0.023501 
0.009839 
-0.008142 
-0.001439 
-0.021801 
-0.036190 
-0.016554 
-0.028437 
-0.048226 
-0.003109 
0.032858 
-0.000757 
-0.009740 
0.034694 
0.036689 
-0.009153 
-0.014109 
0.020646 
0.020345 
-0.010177 
-0.012003 
0.002520 
-0.007835 
-0.018799 
-0.008805 
-0.004143 
0.000810 
0.014772 
0.002585 
-0.016611 
0.009024 
0.039626 
0.025081 
0.002353 
-0.002085 
-0.007569 
-0.013837 
-0.017015 
-0.016717 
-0.004507 
0.004528 
0.005071 
0.014964 
0.011882 
-0.013318 
-0.008797 
0.017090 
0.008072 
-0.007600 
-0.003777 
-0.017522 
-0.030385 
-0.017472 
-0.020631 
-0.023997 
0.018210 
0.051429 
0.034603 
0.009794 
-0.009468 
-0.008860 
0.037589 
0.064525 
0.030192 
0.009319 
0.014201 
-0.005343 
-0.010650 
0.010093 
-0.007264 
-0.028369 
0.000897 
0.017198 
-0.003030 
-0.007964 
-0.009436 
-0.016316 
0.008136 
0.026861 
0.001781 
-0.008152 
0.011793 
0.016539 
0.021307 
0.026303 
-0.006810 
-0.028574 
0.008385 
0.027057 
-0.007396 
-0.022780 
-0.014092 
-0.022975 
-0.019598 
0.008012 
0.007209 
-0.023809 
-0.027452 
0.013822 
0.058539 
0.056938 
0.016996 
0.001767 
0.021803 
0.033468 
0.042763 
0.062690 
0.050110 
0.001877 
-0.030387 
-0.040796 
-0.033251 
0.008640 
0.036936 
0.007355 
-0.021375 
-0.011684 
-0.008309 
-0.013335 
0.006024 
0.023510 
0.014095 
0.002843 
0.003526 
0.005507 
-0.000436 
-0.014118 
-0.024401 
-0.031599 
-0.040267 
-0.026258 
0.009015 
0.009216 
-0.021223 
-0.010230 
0.032273 
0.035001 
0.000866 
-0.014534 
0.002881 
0.018755 
0.006564 
-0.013167 
-0.016590 
-0.022576 
-0.027104 
0.001676 
0.025192 
0.006125 
0.000659 
0.019751 
-0.000184 
-0.032117 
-0.016607 
-0.002564 
-0.024913 
-0.031456 
-0.008464 
0.012804 
0.017618 
0.001386 
-0.001588 
0.037889 
0.054512 
0.017716 
0.016274 
0.053787 
0.040498 
0.013801 
0.034624 
0.030994 
-0.012241 
-0.007854 
0.025220 
0.020559 
0.009676 
0.003870 
-0.022812 
-0.018947 
0.026283 
0.021769 
-0.027535 
-0.025789 
0.016321 
0.036175 
0.041073 
0.037529 
0.020500 
0.015367 
0.008433 
-0.026433 
-0.038575 
-0.007940 
-0.004977 
-0.027906 
-0.007829 
0.027351 
0.029248 
0.029048 
0.022612 
-0.023164 
-0.051008 
-0.017017 
0.013822 
0.012690 
0.018027 
0.016073 
-0.003458 
0.007366 
0.037672 
0.030370 
0.007371 
0.005419 
-0.000775 
-0.005308 
0.020069 
0.037125 
0.024398 
0.026603 
0.038671 
0.015852 
-0.011059 
0.001306 
0.021071 
0.016689 
0.001570 
-0.003044 
0.014638 
0.028850 
-0.000316 
-0.034571 
-0.009716 
0.030215 
0.019168 
-0.004276 
0.001477 
0.010129 
0.011164 
0.011645 
-0.002870 
-0.016654 
-0.001571 
0.006989 
-0.013921 
-0.007470 
0.037857 
0.042733 
-0.006856 
-0.024368 
0.008957 
0.017545 
-0.010762 
-0.018432 
-0.002706 
0.002044 
0.000490 
-0.000979 
-0.010586 
-0.009430 
0.006675 
0.010693 
0.008306 
0.007652 
-0.010257 
-0.014352 
0.031259 
0.060265 
0.028549 
0.009001 
0.024039 
0.016783 
0.001472 
0.010532 
0.011408 
0.006423 
0.021581 
0.013822 
-0.021952 
-0.013958 
0.021054 
0.010550 
-0.014956 
-0.006794 
0.001104 
-0.005221 
0.002148 
0.006200 
-0.006202 
0.000848 
0.027868 
0.033104 
0.014238 
0.008409 
0.029207 
0.042975 
0.018804 
-0.009207 
0.003144 
0.023940 
0.028629 
0.046933 
0.039562 
-0.031583 
-0.052334 
0.026776 
0.049853 
-0.016506 
-0.018336 
0.031445 
0.018473 
0.003908 
0.037677 
0.032739 
0.000489 
0.014078 
0.021015 
-0.002622 
0.011122 
0.034873 
0.016959 
0.009907 
0.025839 
0.014756 
-0.000869 
0.002497 
-0.011643 
-0.028462 
-0.016049 
-0.006025 
0.003940 
0.041688 
0.051470 
0.002127 
-0.022298 
0.006770 
0.008271 
-0.024364 
-0.019823 
0.009201 
0.006441 
-0.006662 
0.001467 
-0.001046 
-0.021080 
-0.017893 
0.000765 
0.001671 
-0.001685 
-0.001799 
-0.015215 
-0.015464 
0.015551 
0.024843 
-0.000947 
-0.008905 
-0.007007 
-0.024842 
-0.018741 
0.015111 
0.002466 
-0.042868 
-0.042249 
-0.018308 
-0.021425 
-0.024716 
-0.017036 
-0.020537 
-0.017466 
-0.003587 
-0.008157 
-0.010279 
0.013589 
0.028803 
0.025666 
0.019051 
-0.001962 
-0.012368 
0.013867 
0.020346 
-0.003672 
0.014190 
0.042429 
0.012398 
-0.006715 
0.022973 
0.019443 
-0.010197 
0.003285 
0.016505 
-0.014981 
-0.042157 
-0.036478 
-0.003458 
0.037577 
0.026721 
-0.026577 
-0.025364 
0.021341 
0.018304 
-0.020358 
-0.027415 
-0.013234 
-0.003074 
0.005498 
0.009272 
0.008785 
0.002123 
-0.016729 
-0.026143 
-0.007900 
0.014050 
0.018265 
0.005942 
-0.019385 
-0.028898 
0.002767 
0.031314 
0.007246 
-0.031782 
-0.028177 
-0.002087 
0.005025 
0.005373 
0.010173 
0.003278 
0.002164 
0.021615 
0.017128 
-0.009037 
0.008762 
0.038705 
0.017119 
0.006550 
0.037682 
0.025763 
-0.013483 
0.007127 
0.035952 
0.011381 
-0.005273 
0.000751 
-0.017798 
-0.027211 
0.007413 
0.029284 
0.002528 
-0.025590 
-0.016053 
0.005802 
0.003182 
-0.011616 
-0.012016 
-0.005242 
0.007873 
0.024034 
0.008043 
-0.014011 
0.017805 
0.045338 
0.008383 
-0.009559 
0.022777 
0.013407 
-0.031765 
-0.040077 
-0.034097 
-0.034648 
-0.008939 
0.026309 
0.031457 
0.011557 
-0.011568 
-0.016135 
-0.000707 
0.009463 
0.014546 
0.013899 
-0.011878 
-0.024171 
0.002437 
0.003758 
-0.021160 
-0.008722 
0.001029 
-0.022110 
-0.006635 
0.020024 
-0.019048 
-0.047722 
-0.006726 
0.024732 
0.021065 
0.024640 
0.024751 
0.012220 
0.004367 
0.001193 
0.010960 
0.020400 
0.002141 
0.001212 
0.031700 
0.016026 
-0.020614 
0.012481 
0.050376 
0.017965 
-0.009175 
-0.000146 
-0.001892 
0.012772 
0.046707 
0.030918 
-0.005424 
0.014272 
0.045527 
0.028489 
0.009364 
0.028230 
0.046494 
0.027534 
-0.009767 
-0.029130 
-0.024957 
-0.013442 
-0.007172 
-0.006242 
0.011233 
0.051345 
0.055670 
-0.009574 
-0.058289 
-0.026014 
0.011412 
0.001155 
0.000484 
0.020433 
0.007497 
-0.011755 
0.015178 
0.036540 
0.010828 
0.003260 
0.029557 
0.016902 
-0.014969 
0.009532 
0.036477 
0.005196 
-0.005827 
0.029797 
0.027024 
0.000900 
0.021816 
0.041001 
0.018818 
0.012833 
0.022960 
0.011180 
0.010622 
0.025798 
0.011914 
-0.007030 
0.001321 
-0.000518 
-0.014538 
0.002746 
0.036299 
0.047629 
0.034718 
0.009426 
-0.006168 
-0.006439 
-0.026240 
-0.060637 
-0.054472 
-0.022195 
-0.021783 
-0.031002 
-0.006968 
0.020673 
0.014292 
-0.011520 
-0.028754 
-0.034736 
-0.035092 
-0.017823 
0.018719 
0.036877 
0.024082 
0.020932 
0.027955 
0.019415 
0.019803 
0.021455 
-0.012925 
-0.020160 
0.035420 
0.038360 
-0.022665 
-0.005828 
0.058991 
0.039565 
-0.005532 
0.007614 
0.012984 
-0.016433 
-0.028750 
-0.025788 
-0.018324 
-0.002404 
-0.002604 
-0.005213 
0.014525 
0.015941 
-0.006337 
-0.004509 
0.010485 
0.020671 
0.038587 
0.026792 
-0.014800 
-0.006148 
0.031085 
0.016828 
-0.005444 
0.011378 
0.016428 
-0.002330 
-0.009561 
-0.006757 
0.005505 
0.021718 
0.015804 
0.005758 
0.010625 
0.009008 
0.012771 
0.024535 
-0.001588 
-0.034668 
-0.009494 
0.021405 
0.009093 
0.008196 
0.029737 
0.034865 
0.036262 
0.042254 
0.036739 
0.028940 
0.014788 
-0.010405 
-0.005250 
0.026987 
0.021232 
-0.018214 
-0.029657 
-0.005046 
0.012828 
-0.002425 
-0.018823 
0.003512 
0.024315 
-0.003424 
-0.027695 
-0.007904 
0.009252 
0.008010 
0.007102 
-0.008657 
-0.025864 
-0.017873 
-0.019785 
-0.039234 
-0.023743 
0.011465 
0.014066 
0.008261 
0.018303 
0.017871 
0.014729 
0.032041 
0.039174 
0.014433 
-0.001767 
0.008101 
-0.000233 
-0.032483 
-0.027793 
0.021732 
0.044577 
0.019904 
-0.002284 
-0.002284 
0.013509 
0.041220 
0.044779 
0.002136 
-0.036250 
-0.029168 
-0.005942 
0.003378 
0.003040 
-0.005719 
-0.027419 
-0.043283 
-0.021831 
0.013362 
-0.001007 
-0.038985 
-0.017933 
0.032035 
0.034203 
0.022797 
0.033709 
0.021488 
-0.005490 
-0.003105 
0.003256 
0.004334 
0.025222 
0.034761 
0.026144 
0.048632 
0.062199 
0.013055 
-0.014746 
0.020727 
0.019442 
-0.030231 
-0.028085 
0.014495 
0.014953 
-0.005371 
0.003083 
0.012403 
-0.000117 
-0.004402 
0.006357 
0.002503 
-0.006215 
0.012969 
0.027724 
-0.004808 
-0.030647 
0.001332 
0.018728 
-0.023153 
-0.034792 
0.013121 
0.028930 
0.002298 
0.005672 
0.025370 
0.009355 
-0.021613 
-0.028045 
0.000610 
0.039014 
0.033545 
0.001769 
0.009241 
0.017158 
-0.014261 
0.002447 
0.061668 
0.036264 
-0.020085 
0.009610 
0.033098 
-0.004580 
0.000632 
0.019215 
-0.023770 
-0.020272 
0.047208 
0.029876 
-0.027318 
0.009617 
0.043722 
-0.013927 
-0.039940 
0.015891 
0.044590 
0.029207 
0.040401 
0.053233 
0.010541 
-0.033595 
-0.005780 
0.036577 
0.008278 
-0.042724 
-0.033627 
0.016014 
0.046618 
0.036420 
0.001842 
-0.014170 
-0.003700 
-0.003997 
-0.004054 
0.016509 
0.014793 
-0.005964 
0.002695 
0.010572 
-0.002974 
0.002899 
-0.004113 
-0.046255 
-0.032015 
0.030061 
0.028779 
-0.000784 
0.009478 
0.006837 
-0.005397 
0.022231 
0.029227 
-0.007548 
-0.010664 
0.011536 
0.013165 
0.021435 
0.026011 
-0.002352 
-0.012263 
0.019723 
0.043263 
0.042793 
0.030020 
0.007448 
-0.007144 
-0.017660 
-0.028474 
-0.000405 
0.040352 
0.020009 
-0.010459 
0.018388 
0.025429 
-0.032837 
-0.050685 
-0.001045 
0.024865 
0.013857 
0.013563 
0.011721 
-0.007787 
-0.007591 
0.021412 
0.030202 
0.001840 
-0.018083 
-0.004653 
0.007727 
-0.000631 
-0.002428 
0.014926 
0.030466 
0.029216 
0.017955 
0.008548 
-0.001455 
-0.019950 
-0.030328 
-0.011422 
0.008375 
-0.003130 
-0.008839 
0.022166 
0.044108 
0.029603 
0.019926 
0.022035 
0.002724 
-0.007433 
0.022924 
0.031566 
-0.010014 
-0.024086 
0.010014 
0.019833 
-0.000190 
-0.004031 
-0.002598 
-0.003892 
0.012241 
0.023571 
0.015196 
0.021330 
0.037205 
0.029170 
0.014579 
0.008205 
-0.002596 
0.000481 
0.019113 
0.011980 
-0.010371 
0.003241 
0.038214 
0.041002 
0.010393 
-0.008969 
0.006184 
0.021978 
0.011169 
0.009500 
0.025723 
0.011507 
-0.019990 
-0.017319 
-0.001003 
0.003699 
0.010564 
-0.000765 
-0.022583 
0.002656 
0.030985 
-0.007555 
-0.034343 
0.007769 
0.022332 
-0.023221 
-0.036953 
0.000111 
0.024933 
0.009135 
-0.026952 
-0.039904 
-0.022704 
-0.015591 
-0.007896 
0.030892 
0.043079 
0.000051 
-0.013934 
0.018942 
0.027876 
0.015695 
0.011796 
-0.001492 
-0.009672 
0.004716 
0.005160 
-0.004206 
0.010378 
0.016772 
0.004189 
0.017594 
0.036009 
0.020573 
0.011747 
0.025140 
0.013194 
-0.018085 
-0.025398 
-0.014433 
-0.004721 
-0.000600 
-0.005772 
-0.011128 
-0.008958 
-0.000841 
0.023682 
0.051786 
0.037246 
-0.007129 
-0.016361 
0.008962 
0.027045 
0.034993 
0.029740 
-0.000267 
-0.022835 
-0.008371 
0.008956 
-0.003503 
-0.019153 
-0.005866 
0.021912 
0.030265 
0.019395 
0.010181 
-0.000314 
-0.007115 
0.016440 
0.043234 
0.015423 
-0.033603 
-0.030777 
0.001339 
0.009844 
0.002033 
-0.011716 
-0.026676 
-0.008522 
0.035450 
0.040130 
0.004550 
-0.007431 
0.007092 
0.005439 
-0.004195 
0.008536 
0.028098 
0.031830 
0.033679 
0.032991 
0.011696 
0.002002 
0.031466 
0.040808 
0.001813 
-0.004901 
0.035138 
0.032617 
-0.007292 
-0.007659 
0.014264 
0.017015 
0.022908 
0.030056 
0.016049 
0.004123 
-0.000185 
-0.009765 
0.008190 
0.049584 
0.043134 
-0.010473 
-0.034158 
-0.014869 
0.000811 
-0.001650 
-0.004755 
0.003198 
0.009009 
-0.003151 
-0.008309 
0.019869 
0.047466 
0.035839 
0.007265 
-0.006835 
-0.010235 
-0.007452 
0.004582 
0.017651 
0.020063 
0.008567 
-0.013552 
-0.035508 
-0.033256 
0.001863 
0.030262 
0.014048 
-0.017581 
-0.018080 
0.000153 
0.006128 
0.004131 
0.005890 
0.007608 
0.005669 
0.005375 
0.006883 
0.006145 
0.005619 
0.006205 
0.006489 
0.006467 
0.006088 
0.006203 
0.006560 
0.006460 
0.006021 
0.005834 
0.006360 
0.006307 
0.005856 
0.005972 
0.006393 
0.006613 
0.006161 
0.006126 
0.006555 
0.006515 
0.006119 
0.005825 
0.006235 
0.006372 
0.005929 
0.005925 
0.006319 
0.006646 
0.006245 
0.006035 
0.006491 
0.006549 
0.006201 
0.005839 
0.006128 
0.006429 
0.005997 
0.005875 
0.006204 
0.006601 
0.006358 
0.006001 
0.006404 
0.006602 
0.006296 
0.005861 
0.006026 
0.006434 
0.006086 
0.005851 
0.006112 
0.006544 
0.006466 
0.006020 
0.006309 
0.006610 
0.006380 
0.005923 
0.005893 
0.006393 
0.006195 
0.005842 
0.006042 
0.006492 
0.006577 
0.006080 
0.006190 
0.006566 
0.006429 
0.006014 
0.005861 
0.006336 
0.006298 
0.005882 
0.005962 
0.006375 
0.006587 
0.006135 
0.006109 
0.006568 
0.006511 
0.006113 
0.005827 
0.006231 
