1	0	6	5.974	2
2	0	6	5.888	2
3	0	6	5.762	2
4	0	6	5.6	2
5	0	6	5.414	2
6	0	6	5.284	2
7	0	6	5.128	2
8	0	6	4.97	2
9	0	6	4.858	2
10	0	6	4.78	2
11	0	6	4.686	2
12	0	6	4.576	2
13	0	6	4.424	2
14	0	6	4.296	2
15	0	6	4.15	2
16	0	5	4.066	2
17	0	5	3.966	2
18	0	5	3.894	2
19	0	5	3.824	2
20	0	5	3.722	2
21	0	5	3.64	2
22	0	5	3.548	2
23	0	5	3.472	2
24	0	4	3.378	2
25	0	4	3.302	2
26	0	4	3.246	2
27	0	4	3.214	2
28	0	4	3.17	2
29	0	4	3.114	2
30	0	4	3.078	2
31	0	4	3.05	2
32	0	4	3.014	2
33	0	4	2.99	2
34	0	4	2.934	2
35	0	4	2.85	2
36	0	4	2.794	2
37	0	4	2.746	2
38	0	4	2.706	2
39	0	4	2.654	2
40	0	4	2.614	2
41	0	4	2.546	2
42	0	4	2.47	2
43	0	4	2.402	2
44	0	4	2.35	2
45	0	4	2.278	2
46	0	4	2.226	2
47	0	4	2.15	2
48	0	4	2.09	2
49	0	4	2.05	2
50	0	2	2	2
51	0	2	2	2
52	0	2	2	2
53	0	2	2	2
54	0	2	2	2
55	0	2	2	2
56	0	2	2	2
57	0	2	2	2
58	0	2	2	2
59	0	2	2	2
60	0	2	2	2
61	0	2	2	2
62	0	2	2	2
63	0	2	2	2
64	0	2	2	2
65	0	2	2	2
66	0	2	2	2
67	0	2	2	2
68	0	2	2	2
69	0	2	2	2
70	0	2	2	2
71	0	2	2	2
72	0	2	2	2
73	0	2	2	2
74	0	2	2	2
75	0	2	2	2
76	0	2	2	2
77	0	2	2	2
78	0	2	2	2
79	0	2	2	2
80	0	2	2	2
81	0	2	2	2
82	0	2	2	2
83	0	2	2	2
84	0	2	2	2
85	0	2	2	2
86	0	2	2	2
87	0	2	2	2
88	0	2	2	2
89	0	2	2	2
90	0	2	2	2
91	0	2	2	2
92	0	2	2	2
93	0	2	2	2
94	0	2	2	2
95	0	2	2	2
96	0	2	2	2
97	0	2	2	2
98	0	2	2	2
99	0	2	2	2
100	0	2	2	2
101	0	2	2	2
102	0	2	2	2
103	0	2	2	2
104	0	2	2	2
105	0	2	2	2
106	0	2	2	2
107	0	2	2	2
108	0	2	2	2
109	0	2	2	2
110	0	2	2	2
111	0	2	2	2
112	0	2	2	2
113	0	2	1.998	1
114	0	2	1.998	1
115	0	2	1.998	1
116	0	2	1.998	1
117	0	2	1.998	1
118	0	2	1.996	1
119	0	2	1.996	1
120	0	2	1.996	1
121	0	2	1.996	1
122	0	2	1.996	1
123	0	2	1.996	1
124	0	2	1.996	1
125	0	2	1.996	1
126	0	2	1.996	1
127	0	2	1.992	1
128	0	2	1.99	1
129	0	2	1.986	1
130	0	2	1.984	1
131	0	2	1.984	1
132	0	2	1.982	1
133	0	2	1.98	1
134	0	2	1.98	1
135	0	2	1.98	1
136	0	2	1.98	1
137	0	2	1.978	1
138	0	2	1.974	1
139	0	2	1.974	1
140	0	2	1.974	1
141	0	2	1.974	1
142	0	2	1.974	1
143	0	2	1.974	1
144	0	2	1.974	1
145	0	2	1.974	1
146	0	2	1.974	1
147	0	2	1.974	1
148	0	2	1.974	1
149	0	2	1.974	1
150	0	2	1.972	1
151	0	2	1.972	1
152	0	2	1.972	1
153	0	2	1.972	1
154	0	2	1.972	1
155	0	2	1.972	1
156	0	2	1.972	1
157	0	2	1.972	1
158	0	2	1.972	1
159	0	2	1.972	1
160	0	2	1.968	1
161	0	2	1.968	1
162	0	2	1.968	1
163	0	2	1.966	1
164	0	2	1.966	1
165	0	2	1.966	1
166	0	2	1.966	1
167	0	2	1.966	1
168	0	2	1.966	1
169	0	2	1.964	1
170	0	2	1.964	1
171	0	2	1.964	1
172	0	2	1.964	1
173	0	2	1.964	1
174	0	2	1.964	1
175	0	2	1.962	1
176	0	2	1.962	1
177	0	2	1.958	1
178	0	2	1.958	1
179	0	2	1.958	1
180	0	2	1.958	1
181	0	2	1.958	1
182	0	2	1.956	1
183	0	2	1.956	1
184	0	2	1.956	1
185	0	2	1.956	1
186	0	2	1.956	1
187	0	2	1.954	1
188	0	2	1.954	1
189	0	2	1.954	1
190	0	2	1.954	1
191	0	2	1.954	1
192	0	2	1.954	1
193	0	2	1.954	1
194	0	2	1.952	1
195	0	2	1.952	1
196	0	2	1.952	1
197	0	2	1.95	1
198	0	2	1.948	1
199	0	2	1.948	1
200	0	2	1.946	1
201	0	2	1.942	1
202	0	2	1.938	1
203	0	2	1.938	1
204	0	2	1.938	1
205	0	2	1.938	1
206	0	2	1.938	1
207	0	2	1.938	1
208	0	2	1.938	1
209	0	2	1.938	1
210	0	2	1.938	1
211	0	2	1.938	1
212	0	2	1.938	1
213	0	2	1.938	1
214	0	2	1.938	1
215	0	2	1.938	1
216	0	2	1.938	1
217	0	2	1.938	1
218	0	2	1.936	1
219	0	2	1.936	1
220	0	2	1.936	1
221	0	2	1.936	1
222	0	2	1.934	1
223	0	2	1.932	1
224	0	2	1.932	1
225	0	2	1.932	1
226	0	2	1.932	1
227	0	2	1.93	1
228	0	2	1.93	1
229	0	2	1.93	1
230	0	2	1.93	1
231	0	2	1.93	1
232	0	2	1.93	1
233	0	2	1.93	1
234	0	2	1.928	1
235	0	2	1.926	1
236	0	2	1.926	1
237	0	2	1.926	1
238	0	2	1.926	1
239	0	2	1.926	1
240	0	2	1.926	1
241	0	2	1.926	1
242	0	2	1.924	1
243	0	2	1.924	1
244	0	2	1.922	1
245	0	2	1.922	1
246	0	2	1.918	1
247	0	2	1.916	1
248	0	2	1.914	1
249	0	2	1.912	1
250	0	2	1.912	1
251	0	2	1.912	1
252	0	2	1.912	1
253	0	2	1.91	1
254	0	2	1.91	1
255	0	2	1.91	1
256	0	2	1.91	1
257	0	2	1.91	1
258	0	2	1.91	1
259	0	2	1.91	1
260	0	2	1.908	1
261	0	2	1.908	1
262	0	2	1.908	1
263	0	2	1.908	1
264	0	2	1.906	1
265	0	2	1.906	1
266	0	2	1.906	1
267	0	2	1.906	1
268	0	2	1.906	1
269	0	2	1.906	1
270	0	2	1.906	1
271	0	2	1.906	1
272	0	2	1.904	1
273	0	2	1.904	1
274	0	2	1.904	1
275	0	2	1.904	1
276	0	2	1.904	1
277	0	2	1.904	1
278	0	2	1.904	1
279	0	2	1.902	1
280	0	2	1.9	1
281	0	2	1.898	1
282	0	2	1.898	1
283	0	2	1.898	1
284	0	2	1.898	1
285	0	2	1.896	1
286	0	2	1.896	1
287	0	2	1.896	1
288	0	2	1.896	1
289	0	2	1.896	1
290	0	2	1.896	1
291	0	2	1.896	1
292	0	2	1.894	1
293	0	2	1.894	1
294	0	2	1.89	1
295	0	2	1.89	1
296	0	2	1.888	1
297	0	2	1.888	1
298	0	2	1.888	1
299	0	2	1.888	1
300	0	2	1.888	1
301	0	2	1.886	1
302	0	2	1.886	1
303	0	2	1.886	1
304	0	2	1.886	1
305	0	2	1.886	1
306	0	2	1.886	1
307	0	2	1.886	1
308	0	2	1.884	1
309	0	2	1.884	1
310	0	2	1.882	1
311	0	2	1.882	1
312	0	2	1.88	1
313	0	2	1.878	1
314	0	2	1.878	1
315	0	2	1.876	1
316	0	2	1.876	1
317	0	2	1.876	1
318	0	2	1.874	1
319	0	2	1.874	1
320	0	2	1.872	1
321	0	2	1.872	1
322	0	2	1.87	1
323	0	2	1.87	1
324	0	2	1.87	1
325	0	2	1.868	1
326	0	2	1.866	1
327	0	2	1.866	1
328	0	2	1.864	1
329	0	2	1.862	1
330	0	2	1.862	1
331	0	2	1.862	1
332	0	2	1.862	1
333	0	2	1.86	1
334	0	2	1.856	1
335	0	2	1.856	1
336	0	2	1.856	1
337	0	2	1.856	1
338	0	2	1.856	1
339	0	2	1.856	1
340	0	2	1.854	1
341	0	2	1.854	1
342	0	2	1.852	1
343	0	2	1.852	1
344	0	2	1.852	1
345	0	2	1.85	1
346	0	2	1.85	1
347	0	2	1.85	1
348	0	2	1.85	1
349	0	2	1.85	1
350	0	2	1.848	1
351	0	2	1.848	1
352	0	2	1.846	1
353	0	2	1.846	1
354	0	2	1.846	1
355	0	2	1.844	1
356	0	2	1.842	1
357	0	2	1.84	1
358	0	2	1.84	1
359	0	2	1.838	1
360	0	2	1.836	1
361	0	2	1.834	1
362	0	2	1.832	1
363	0	2	1.83	1
364	0	2	1.826	1
365	0	2	1.826	1
366	0	2	1.824	1
367	0	2	1.824	1
368	0	2	1.824	1
369	0	2	1.824	1
370	0	2	1.824	1
371	0	2	1.824	1
372	0	2	1.822	1
373	0	2	1.822	1
374	0	2	1.82	1
375	0	2	1.82	1
376	0	2	1.82	1
377	0	2	1.818	1
378	0	2	1.818	1
379	0	2	1.818	1
380	0	2	1.818	1
381	0	2	1.818	1
382	0	2	1.816	1
383	0	2	1.816	1
384	0	2	1.816	1
385	0	2	1.816	1
386	0	2	1.816	1
387	0	2	1.816	1
388	0	2	1.816	1
389	0	2	1.816	1
390	0	2	1.816	1
391	0	2	1.816	1
392	0	2	1.816	1
393	0	2	1.816	1
394	0	2	1.816	1
395	0	2	1.814	1
396	0	2	1.814	1
397	0	2	1.812	1
398	0	2	1.812	1
399	0	2	1.812	1
400	0	2	1.812	1
401	0	2	1.812	1
402	0	2	1.81	1
403	0	2	1.808	1
404	0	2	1.806	1
405	0	2	1.806	1
406	0	2	1.804	1
407	0	2	1.804	1
408	0	2	1.804	1
409	0	2	1.802	1
410	0	2	1.8	1
411	0	2	1.798	1
412	0	2	1.798	1
413	0	2	1.798	1
414	0	2	1.798	1
415	0	2	1.798	1
416	0	2	1.798	1
417	0	2	1.798	1
418	0	2	1.796	1
419	0	2	1.796	1
420	0	2	1.796	1
421	0	2	1.796	1
422	0	2	1.796	1
423	0	2	1.796	1
424	0	2	1.796	1
425	0	2	1.796	1
426	0	2	1.796	1
427	0	2	1.796	1
428	0	2	1.796	1
429	0	2	1.792	0
430	0	2	1.792	0
431	0	2	1.79	0
432	0	2	1.79	0
433	0	2	1.79	0
434	0	2	1.79	0
435	0	2	1.788	0
436	0	2	1.788	0
437	0	2	1.788	0
438	0	2	1.788	0
439	0	2	1.788	0
440	0	2	1.788	0
441	0	2	1.788	0
442	0	2	1.784	0
443	0	2	1.784	0
444	0	2	1.782	0
445	0	2	1.778	0
446	0	2	1.778	0
447	0	2	1.778	0
448	0	2	1.776	0
449	0	2	1.774	0
450	0	2	1.774	0
451	0	2	1.772	0
452	0	2	1.772	0
453	0	2	1.772	0
454	0	2	1.772	0
455	0	2	1.772	0
456	0	2	1.772	0
457	0	2	1.772	0
458	0	2	1.772	0
459	0	2	1.772	0
460	0	2	1.772	0
461	0	2	1.77	0
462	0	2	1.77	0
463	0	2	1.768	0
464	0	2	1.766	0
465	0	2	1.766	0
466	0	2	1.766	0
467	0	2	1.766	0
468	0	2	1.766	0
469	0	2	1.756	0
470	0	2	1.756	0
471	0	2	1.756	0
472	0	2	1.756	0
473	0	2	1.756	0
474	0	2	1.754	0
475	0	2	1.752	0
476	0	2	1.75	0
477	0	2	1.748	0
478	0	2	1.748	0
479	0	2	1.746	0
480	0	2	1.742	0
481	0	2	1.74	0
482	0	2	1.74	0
483	0	2	1.74	0
484	0	2	1.74	0
485	0	2	1.74	0
486	0	2	1.74	0
487	0	2	1.738	0
488	0	2	1.738	0
489	0	2	1.738	0
490	0	2	1.738	0
491	0	2	1.738	0
492	0	2	1.738	0
493	0	2	1.738	0
494	0	2	1.736	0
495	0	2	1.736	0
496	0	2	1.734	0
497	0	2	1.734	0
498	0	2	1.734	0
499	0	2	1.734	0
500	0	2	1.734	0
