386.700012
340.204437
302.844452
306.231110
301.386658
257.128876
298.675568
332.337769
291.964447
209.653336
207.946671
218.800003
221.022217
205.875549
213.662216
232.524445
206.062225
210.968887
204.951111
207.511108
211.635559
206.835556
218.986664
239.662216
214.888885
216.248886
213.226669
221.368896
211.102219
210.391113
210.177780
211.795563
214.133331
210.453339
214.026672
211.199997
218.222229
221.004440
235.608887
217.546661
217.573334
259.359985
216.257782
229.804443
224.835556
231.235550
227.528885
218.862228
219.253326
241.004440
236.835556
231.617783
231.617783
235.697784
237.182220
215.813339
221.262222
169.342224
157.600006
159.768890
164.337784
155.697784
163.493332
166.782227
152.355560
151.911118
151.671112
161.688889
151.493332
153.653336
159.155548
155.368896
157.093338
153.013336
160.257782
150.648895
178.995560
157.671112
156.017776
152.880005
150.817780
162.497772
150.435562
152.346664
179.946671
150.186661
151.022217
155.520004
135.217773
144.008896
152.026672
145.626663
151.288895
151.733337
152.026672
148.533340
155.742218
153.893326
151.377777
163.671112
152.302216
174.720001
150.977783
150.062225
149.742218
148.257782
156.524445
153.351105
154.222229
163.164444
152.862228
160.071106
148.622223
158.275558
153.368896
148.000000
154.844452
156.871109
196.479996
139.733337
140.328888
140.648895
135.315552
131.626663
65.786667
69.662224
76.408890
77.377777
78.844444
75.608887
64.488892
70.311111
64.915558
64.915558
68.879997
68.533333
73.511108
66.915558
71.697777
69.608887
74.533333
80.168892
76.924446
66.320000
78.622223
68.968887
76.293335
71.635559
65.626663
71.831108
62.186668
65.208885
72.951111
67.128891
68.080002
67.733330
61.235554
65.146667
69.111115
65.146667
65.866669
66.746666
70.897781
60.639999
53.208889
56.728889
59.048889
49.119999
63.271111
58.791111
51.262222
56.151112
49.244446
40.648888
39.235554
38.604443
50.666668
42.542221
41.324444
43.866665
29.297777
30.604445
29.431110
31.093334
37.884445
30.551111
25.093334
30.728889
27.911112
28.684444
26.426666
32.444443
26.622223
27.591110
28.639999
27.413334
29.982222
25.537777
23.920000
31.377777
34.453335
23.831112
26.613333
31.688889
27.813334
35.724445
34.542221
33.866665
46.444443
21.200001
27.271111
29.048889
25.057777
39.635555
43.439999
38.391109
37.413334
24.959999
23.448889
28.506666
26.168888
27.431110
31.724445
24.746666
25.280001
29.386667
26.266666
29.244444
29.973333
23.431110
26.435556
22.977777
23.457777
26.177778
33.200001
27.111111
23.946667
23.644444
23.395555
30.435556
26.480000
27.102222
25.893333
25.520000
21.644444
25.360001
23.200001
24.008888
28.106667
26.657778
22.088888
