386.700012
350.337769
268.613342
271.102234
279.137787
256.257782
239.093338
239.715561
250.746674
257.653320
245.164444
247.271118
240.204437
239.413330
239.075562
240.888885
253.093338
247.315552
292.666656
258.764435
189.164444
188.906662
119.546669
137.013336
100.817780
181.324448
123.226669
139.982224
135.893326
137.484451
137.991104
151.448883
144.542221
142.320007
199.679993
89.431114
33.253334
33.386665
38.355556
37.866665
56.604443
70.791115
44.177776
43.128887
37.377777
74.213333
84.115555
29.724445
36.711113
60.799999
98.586670
84.817780
40.293335
69.457779
90.888885
45.697777
67.351112
50.560001
30.115555
56.897778
31.048889
30.871111
31.653334
68.097778
30.719999
30.622223
63.466667
45.662224
60.097778
87.288887
93.315552
31.048889
40.888889
67.022224
93.128891
48.373333
49.439999
63.466667
83.431114
70.080002
69.253334
52.053333
73.395554
69.057777
68.728889
68.639999
84.977776
32.737778
73.848892
78.231110
70.284447
55.182220
52.240002
57.857777
85.591110
29.760000
42.115555
29.982222
30.515556
30.639999
30.444445
30.248888
29.937778
29.911112
30.133333
51.386665
52.684444
51.528889
54.364445
94.879997
70.480003
70.008888
93.431114
31.120001
55.040001
55.271111
54.506668
54.444443
54.160000
53.528889
54.231110
87.626663
70.080002
68.835556
69.102219
68.924446
84.773331
83.902222
70.542221
78.977776
84.533333
79.502220
68.311111
68.595558
67.777779
72.088890
71.911110
71.182220
69.475555
69.111115
80.480003
81.635559
30.088888
29.626667
29.795555
30.026667
38.728889
31.297777
47.031113
30.168888
29.040001
61.164444
59.279999
83.208885
82.151108
83.004448
104.142220
30.204445
30.488890
30.204445
30.044445
29.368889
29.822222
30.008888
39.013332
31.751112
62.560001
30.026667
49.279999
48.533333
45.715557
48.373333
44.711113
29.911112
30.142221
46.915554
34.728889
29.840000
29.644444
30.346666
41.973331
36.951111
36.017776
36.604443
73.306664
51.555557
51.368889
58.782223
59.439999
81.591110
60.328888
66.346664
68.577774
82.017776
30.186666
36.951111
29.831112
38.808887
35.093334
43.288887
42.337776
50.622223
39.111111
48.622223
64.444443
48.364445
57.599998
48.720001
51.813332
68.328888
63.928890
58.897778
59.235554
69.982224
67.457779
58.613335
73.928886
64.524445
59.271111
65.404442
59.040001
59.182220
59.173332
83.946663
49.768890
67.315552
46.915554
65.466667
70.657776
47.004444
46.782223
61.733334
29.822222
49.324444
49.448891
79.831108
71.448891
50.533333
60.364445
49.040001
49.439999
70.959999
82.391113
69.564445
70.364441
78.071114
84.302223
72.480003
83.742226
82.320000
30.462223
