386.700012
333.946655
294.711121
240.533340
263.866669
280.444458
263.760010
294.755554
272.008881
272.222229
287.022217
261.688904
261.342224
259.359985
268.160004
276.408875
253.902222
220.391113
233.137772
219.644440
218.106674
218.924438
222.177780
230.000000
218.382217
220.542221
223.342224
206.302216
215.235550
205.368896
210.044449
205.822220
201.706665
204.933334
203.111115
202.933334
200.924438
202.026672
215.591110
208.586670
205.084442
199.013336
214.542221
205.164444
220.551117
215.386673
210.453339
203.946671
200.666672
201.573334
203.440002
204.346664
206.995560
208.986664
177.297775
201.973328
187.288895
195.235550
188.835556
201.679993
208.435562
284.728882
119.831108
117.724442
154.115555
140.773331
137.173340
158.960007
137.591110
151.119995
138.853333
144.026672
142.755554
141.199997
149.582230
146.791107
169.893326
143.893326
146.906662
147.297775
153.751114
139.155548
133.742218
158.453339
134.133331
141.075562
139.448883
189.404449
128.755554
131.662216
188.773331
155.226669
137.039993
190.088882
165.502228
138.515549
64.320000
52.400002
62.524445
68.791115
66.604446
63.457779
73.431114
69.715553
65.253334
69.199997
72.000000
65.688889
61.573334
66.497780
63.555557
63.333332
61.413334
69.564445
61.333332
71.360001
74.213333
60.044445
61.191113
53.759998
55.831112
63.608891
82.151108
87.937775
72.471107
65.333336
65.066666
66.444443
54.275555
58.533333
61.048889
65.440002
64.586670
70.382225
64.177780
73.528893
71.297775
68.364441
60.124443
63.831112
52.728889
46.488888
46.577778
70.035553
57.386665
53.093334
46.977779
48.186668
60.702221
58.995556
80.968887
78.924446
71.688889
67.617775
80.311111
75.191109
65.013336
71.315552
65.519997
74.444443
78.017776
64.702225
74.231110
66.320000
69.137779
69.351112
75.760002
82.737778
78.515556
78.008888
64.942223
71.751114
65.279999
79.635559
73.795555
70.311111
67.351112
69.377777
76.835556
71.475555
64.835556
72.524445
65.484444
70.053337
64.604446
101.982224
90.195557
82.328888
75.315552
73.040001
79.626663
77.991112
74.213333
83.760002
83.777779
81.884445
68.622223
71.866669
75.164444
72.231110
82.204445
80.968887
79.475555
71.680000
85.760002
79.288887
76.622223
73.440002
77.404442
71.315552
71.866669
80.320000
72.915558
82.133331
72.959999
78.800003
72.808891
70.853333
75.377777
68.737778
68.400002
69.262222
73.360001
87.235558
68.586670
72.728889
73.991112
89.599998
82.720001
83.875557
76.133331
74.355553
79.155556
73.342224
86.728889
69.573334
76.542221
70.533333
68.400002
82.284447
71.760002
77.271111
75.182220
82.320000
69.991112
79.671112
68.862221
79.422226
81.404442
76.657776
68.995552
