386.700012
335.262207
259.857788
258.746674
261.893341
265.164459
259.448883
267.502228
213.991104
238.720001
236.568893
236.248886
203.306671
196.355560
200.960007
196.577774
123.653336
122.453331
127.137779
149.484451
128.204437
123.031113
121.342224
123.128891
151.608887
143.377777
154.728882
195.111115
139.484451
136.515549
151.217773
136.533340
136.568893
136.222229
138.986664
155.422226
141.262222
141.457779
137.306671
140.444443
139.244446
136.355560
156.888885
136.391113
135.937775
151.706665
136.506668
138.320007
171.422226
155.342224
166.435562
166.622223
154.960007
154.337784
154.835556
164.666672
153.831116
154.897781
185.653336
170.711105
169.271118
205.573334
155.422226
150.444443
154.346664
165.191116
164.346664
150.391113
192.364441
74.506668
76.506668
77.973335
79.902222
83.795555
88.879997
78.088890
82.248886
77.591110
102.088890
88.728889
99.155556
108.657776
108.826668
114.382225
112.133331
114.222221
111.360001
109.386665
108.808891
120.915558
109.777779
110.595558
107.040001
107.226669
108.800003
110.559998
110.124443
109.884445
108.391113
111.040001
110.862221
110.346664
109.333336
121.226669
114.933334
108.808891
109.591110
109.733330
107.013336
119.235558
111.226669
107.253334
109.937775
107.057777
110.248886
108.853333
128.391113
107.111115
109.306664
107.848892
108.702225
119.191109
59.431110
60.320000
73.422226
63.093334
60.826668
62.133335
60.657776
58.897778
65.440002
60.684444
75.404442
73.146667
60.328888
61.724445
61.048889
60.595554
66.835556
64.542221
71.537781
60.177776
74.071114
60.248890
61.048889
58.942223
59.217777
58.782223
59.591110
59.404446
60.737778
73.555557
59.733334
74.080002
67.733330
71.120003
67.182220
65.004448
91.084442
65.031113
74.773331
79.288887
73.466667
72.622223
70.177780
79.537781
66.897781
68.177780
66.684448
64.631111
87.822220
65.155556
78.044441
67.288887
71.279999
66.737778
66.648888
65.822220
79.742226
67.715553
72.293335
74.311111
67.564445
70.702225
66.195557
82.062225
83.724442
79.360001
75.048889
77.519997
68.559998
71.991112
81.902222
79.617775
62.720001
64.097778
61.466667
61.386665
62.675556
62.782223
59.946667
60.097778
73.360001
55.786667
55.911110
60.364445
53.617779
46.080002
50.097778
55.271111
46.959999
45.751110
47.040001
46.826668
55.386665
53.448891
57.306667
61.804443
59.964443
60.835556
59.662224
59.626667
71.528893
53.662224
64.826668
56.533333
69.040001
60.666668
55.395557
62.728889
53.822224
47.751110
49.004444
58.631111
59.422222
46.444443
52.195557
49.555557
49.982224
55.733334
62.657776
47.066666
51.182220
56.275555
60.577778
46.408890
54.408890
45.857777
58.880001
52.542221
56.506668
