386.700012
349.848877
324.417786
320.595551
326.480011
331.564453
285.031097
115.368889
122.115555
121.137779
137.733337
139.413330
121.502220
132.888885
139.368896
133.573334
142.675552
139.520004
138.631104
130.951111
183.857773
131.564438
131.431107
130.728882
134.684448
131.493332
131.137772
131.004440
134.035553
131.742218
131.137772
131.164444
136.995560
113.484444
122.888885
139.119995
132.880005
137.813339
135.502228
126.568886
147.440002
132.880005
137.564438
143.066666
144.328888
137.591110
137.813339
124.080002
128.311111
132.337784
129.404449
135.431107
129.706665
137.502228
147.324448
143.191116
149.342224
142.151108
131.306671
131.199997
198.204437
135.706665
137.484451
123.440002
130.968887
140.124451
139.164444
138.684448
131.866669
130.595551
134.328888
132.026672
137.848892
132.000000
131.306671
132.399994
134.924438
131.022217
133.919998
142.622223
131.217773
139.448883
132.684448
131.102219
131.360001
131.466660
132.684448
140.115555
130.622223
130.586670
136.862228
133.724442
144.675552
132.693329
136.808884
132.515549
131.395554
137.279999
131.617783
140.195557
133.235550
129.066666
129.866669
129.208893
130.844452
132.471115
135.235550
128.977783
132.399994
129.306671
127.822220
129.902222
134.924438
129.608887
131.448883
132.746674
128.942215
136.479996
146.177780
141.413330
144.435562
134.666672
129.884445
152.382217
148.693329
136.977783
134.622223
128.791107
130.222229
132.782227
146.071106
129.288895
131.226669
136.399994
132.648895
128.782227
134.408890
159.057785
137.155548
133.128891
139.546661
130.862228
132.942215
136.924438
132.746674
137.777771
138.000000
137.866669
142.462219
158.213333
148.364441
132.106674
134.942215
134.151108
126.924446
125.680000
130.417770
130.684448
130.977783
129.502228
138.853333
132.160004
130.586670
133.848892
138.684448
130.008896
127.155556
122.026665
122.737778
124.266670
123.368889
123.226669
153.102219
130.266663
122.026665
126.577774
122.488892
125.075554
125.031113
123.253334
140.977783
121.928886
126.364441
141.902222
128.942215
122.053337
124.373337
121.475555
133.333328
124.862221
127.857780
122.755554
154.275558
124.915558
123.680000
119.831108
123.315552
120.373337
124.595558
130.462219
120.702225
131.626663
147.742218
143.786667
124.417778
127.004448
119.199997
127.955559
164.240005
119.173332
130.320007
126.702225
120.551109
122.853333
125.902222
132.462219
120.062225
120.053337
124.382225
115.279999
125.875557
123.191109
186.044449
128.782227
140.417770
131.662216
121.608887
195.324448
184.728882
119.040001
142.577774
197.582230
142.240005
129.546661
152.613327
138.657776
153.919998
133.822220
133.244446
128.008896
133.404449
147.431107
148.311111
129.715561
70.506668
67.608887
59.528889
54.666668
65.466667
53.493332
66.204445
