52
0
0
0
0
0
0
0
0
0
0
0
0
0
0
0
0
0
0
0
0
0
0
0
0
0
0
0
0
0
0
0
0
0
0
0
0
0
0
0
0
0
0
0
0
0
0
0
0
0
0
0
0
0
0
0
0
0
0
0
0
0
0
0
0
0
0
0
0
0
0
0
0
0
0
0
0
0
0
0
0
0
0
0
0
0
0
0
0
0
0
0
0
0
0
0
0
0
0
0
38
48
38
38
40
40
42
44
34
44
38
36
44
34
40
44
44
38
38
38
38
40
40
42
40
40
36
38
38
49
50
34
38
42
38
34
44
44
44
38
40
38
44
40
38
40
42
36
40
40
52
42
44
38
34
44
44
48
38
44
48
38
42
44
48
42
30
36
42
44
44
42
38
38
40
46
42
44
38
42
38
40
36
44
52
44
44
48
44
44
44
42
44
38
40
38
40
44
36
36
