386.700012
338.995544
306.968903
300.977783
278.657776
225.839996
244.559998
241.884445
250.951111
252.035553
260.977783
252.479996
253.084442
252.764450
240.106674
250.791107
241.075562
239.733337
233.955551
253.822220
282.435547
242.471115
284.391113
244.408890
286.817780
246.800003
279.271118
242.782227
287.182220
240.399994
213.653336
236.453339
263.582214
259.262207
241.555557
256.622223
259.413330
231.039993
190.151108
251.928894
291.528900
297.751099
300.346680
211.582230
179.831116
175.822220
224.631104
198.391113
257.422211
220.542221
188.515549
258.142212
232.595551
164.080002
249.377777
220.542221
169.608887
243.573334
224.222229
177.679993
240.373337
217.431107
145.155548
146.755554
130.524445
137.937775
142.382217
138.408890
136.995560
156.835556
154.568893
157.511108
137.093338
135.813339
130.924438
134.355560
67.288887
64.044441
74.444443
62.444443
75.582222
76.497780
73.635559
71.253334
77.262222
60.151112
71.386665
72.746666
74.933334
76.533333
64.239998
78.728889
73.342224
70.302223
69.511108
81.440002
72.355553
76.480003
75.991112
77.697777
83.635559
74.506668
68.453331
64.231110
72.764442
66.800003
75.475555
78.417778
77.991112
85.982224
79.777779
81.431114
75.360001
69.004448
80.968887
66.826668
80.328888
80.702225
80.817780
72.346664
64.568886
68.133331
69.031113
83.742226
79.395554
76.471107
80.337776
73.466667
70.008888
69.146667
66.604446
63.902222
74.284447
70.800003
71.804443
76.462219
67.404442
67.191109
59.422222
71.653336
74.817780
66.933334
61.795555
67.404442
60.639999
59.244446
59.226665
73.022224
61.439999
67.528893
59.644444
80.231110
62.915554
47.822224
67.804443
64.008888
46.684444
63.706665
97.040001
73.848892
67.208885
72.239998
62.808887
47.075554
75.031113
54.613335
64.435555
58.791111
66.168892
48.160000
58.391109
52.480000
59.964443
54.577778
43.448891
50.844444
58.106667
62.346668
52.764446
63.324444
48.222221
52.106667
53.555557
47.520000
54.168888
51.919998
44.773335
64.773331
59.004444
66.071114
41.795555
54.204445
42.675556
49.395557
48.693333
55.146667
37.315556
47.777779
45.093334
44.462223
65.777779
50.720001
40.737778
49.928890
51.360001
57.680000
48.764446
43.413334
49.653332
56.213333
39.964443
33.244446
52.728889
58.311111
49.813332
43.511112
47.253334
61.937778
54.835556
45.066666
51.484444
61.040001
54.702221
43.431110
44.186668
49.822224
35.928890
52.355556
45.617779
49.102222
54.995556
58.382221
46.257778
37.724445
37.706665
48.844444
37.511112
37.191113
37.048889
41.146667
43.546665
38.435555
42.453335
37.866665
47.857777
32.195557
34.133335
33.866665
31.928888
33.155556
49.982224
