386.700012
341.831116
301.244446
286.711121
204.835556
202.177780
201.804443
229.848892
211.075562
212.080002
238.106674
234.702225
220.684448
214.568893
214.471115
227.608887
198.133331
195.315552
200.097778
189.440002
117.208885
113.475555
111.733330
106.071114
106.204445
111.911110
36.328888
40.755554
41.804443
36.497776
32.986668
40.506668
25.386667
31.706667
35.724445
41.066666
30.106667
37.511112
33.680000
40.604443
40.462223
43.973331
44.364445
39.973331
35.111111
39.475555
31.848888
33.075554
36.986668
36.542221
39.626667
35.511112
32.471111
35.759998
39.848888
34.115555
32.808887
32.293335
28.879999
27.386667
22.826666
28.959999
32.755554
24.097778
29.804445
38.186668
28.568890
21.262222
22.719999
30.480000
16.746666
29.706667
19.022223
24.915556
25.964445
32.364445
28.684444
21.733334
24.586666
20.506666
26.462223
29.022223
18.533333
24.631111
22.080000
24.782223
13.644444
14.133333
23.866667
13.155556
20.666666
15.164444
21.351110
21.093334
24.080000
13.751111
11.795555
10.986667
21.511110
26.328888
18.871111
25.102222
11.431111
21.377777
18.035555
33.564445
24.408890
21.831112
14.195556
18.337778
23.946667
14.720000
21.715555
25.875555
27.333334
27.288889
18.008888
18.915556
20.773333
22.080000
24.266666
21.288889
26.826666
18.542223
17.137777
22.844444
19.013334
31.680000
22.133333
19.200001
23.555555
18.924444
16.995556
21.004444
17.582222
27.804445
23.644444
14.702222
17.635555
24.533333
21.964445
25.537777
25.920000
22.275555
25.102222
14.782222
16.995556
11.395555
16.017778
19.191111
24.622223
21.271111
24.204445
25.564444
21.840000
27.333334
14.462222
16.115555
19.937778
25.440001
18.471111
13.075556
20.453333
22.595556
23.004444
23.680000
25.733334
12.106667
13.297778
19.440001
12.622222
20.160000
22.204445
20.871111
28.435556
16.595556
20.008888
23.271111
20.257778
17.262222
17.271111
20.551111
19.617777
20.142221
14.177778
13.644444
17.013334
25.404444
11.760000
20.719999
17.155556
17.431110
23.902222
19.128889
20.942223
14.622222
20.080000
21.804445
21.866667
27.608889
16.524445
20.977777
28.213333
22.257778
12.702222
23.804445
24.542223
20.595556
19.235556
19.928888
11.493333
15.742222
21.804445
30.595556
14.613334
22.959999
11.831111
11.600000
22.293333
21.875555
24.204445
18.142221
20.622223
22.240000
15.031111
18.631111
20.906666
23.671112
23.902222
24.488890
15.280000
26.977777
14.542222
18.071112
12.871111
23.608889
15.306666
23.368889
24.328888
22.071112
30.168888
25.351110
22.497778
17.608889
19.582222
22.488890
21.955555
24.044445
24.302221
16.462223
20.444445
