386.700012
340.480011
314.204437
300.302216
311.706665
304.835541
250.551117
202.008896
229.626663
210.284439
199.964447
191.484451
206.115555
205.608887
200.088882
225.306671
201.102219
204.124451
188.826660
125.768890
135.404449
147.893326
141.013336
140.106674
136.399994
131.368896
133.911118
133.511108
135.422226
143.591110
137.297775
131.706665
139.191116
130.791107
131.768890
136.417770
124.835556
136.542221
125.617775
52.720001
36.720001
48.035557
30.266666
36.017776
35.724445
36.462223
34.817780
25.991112
22.462223
26.728889
19.084444
22.133333
31.928888
20.853333
20.968889
32.524445
19.688889
11.644444
23.591110
31.128889
9.857778
23.893333
17.680000
23.875555
21.306667
19.706667
14.240000
14.435555
25.866667
15.075556
34.275555
18.346666
21.608889
22.071112
15.333333
23.617777
11.208889
15.973333
13.626667
16.008888
21.351110
23.946667
23.768888
19.324444
18.062222
8.168889
14.222222
9.813334
11.395555
21.768888
23.626667
11.182222
30.400000
19.146667
24.133333
25.440001
32.817780
33.475555
13.208889
22.426666
19.928888
20.213333
38.897778
22.097778
25.537777
12.720000
27.111111
19.084444
12.817778
8.488889
18.480000
27.786667
24.275555
16.106667
20.320000
17.200001
19.288889
16.595556
18.924444
26.835556
25.413334
22.782223
9.440000
16.622223
33.351112
15.893333
22.862223
21.306667
21.013334
20.968889
14.151111
13.653334
28.337778
19.342222
18.266666
26.968889
20.924444
23.502222
13.982223
17.528889
19.742222
23.475555
21.324444
22.364445
23.697779
22.337778
9.511111
18.142221
18.711111
18.888889
19.946667
12.515555
13.484445
12.204445
20.426666
13.644444
23.786667
24.062222
21.333334
13.911111
17.680000
23.928888
29.191111
27.911112
22.488890
13.244445
26.240000
19.911112
21.955555
19.884445
13.902223
31.084444
13.928889
16.888889
15.600000
17.973333
26.373333
11.635555
21.813334
35.840000
17.635555
36.622223
28.355556
24.017778
15.457778
13.564445
18.951111
14.880000
28.044445
15.608889
26.808889
14.773334
27.928888
22.257778
24.631111
22.435556
23.297777
21.937778
28.195555
21.511110
10.622222
14.586667
27.857779
25.022223
27.440001
25.173334
28.124445
9.733334
22.435556
22.355556
29.351110
25.377777
17.911112
19.608889
27.884445
16.400000
23.982222
14.791111
23.173334
31.351110
13.724444
16.791111
27.093334
28.542223
27.137777
20.657778
27.244444
31.893333
14.115556
10.373333
19.555555
31.031111
21.982222
23.946667
19.902222
12.417778
14.035556
28.604445
16.728889
13.742222
11.111111
14.097777
36.311111
23.706667
8.408889
14.480000
24.080000
10.240000
21.368889
21.866667
35.902222
