386.700012
345.377777
307.111115
320.604431
307.688904
237.368896
224.800003
222.800003
235.955551
220.026672
228.924438
217.048889
223.804443
213.866669
213.066666
222.533340
160.364441
132.133331
198.746674
140.817780
146.035553
136.097778
132.720001
143.084442
137.075562
140.533340
137.093338
141.128891
135.831116
142.231110
139.520004
141.742218
125.733330
132.391113
143.653336
129.839996
129.555557
124.488892
135.119995
121.991112
123.919998
126.551109
174.248886
135.884445
69.271111
52.151112
55.288887
45.386665
50.337776
38.071110
60.337776
50.293335
59.377777
59.066666
51.377777
48.133335
57.644444
51.875557
55.475555
62.657776
54.231110
63.457779
60.515556
53.635555
62.168888
65.360001
53.279999
59.626667
58.240002
57.937778
51.351112
57.982224
65.262222
57.946667
62.142223
57.377777
59.937778
58.462223
54.702221
50.346668
55.173332
62.266666
64.186668
61.822224
56.328888
66.613335
70.284447
56.871113
58.808887
61.360001
56.017776
52.106667
50.631111
56.631111
52.568890
58.488888
52.320000
55.822224
60.213333
54.666668
55.217777
42.622223
38.266666
24.826666
27.075556
30.879999
32.675556
20.506666
17.066668
26.559999
19.066668
26.942223
24.506666
27.253334
28.888889
31.715555
31.324444
27.244444
26.995556
35.342224
21.226667
34.435555
21.377777
22.888889
24.346666
19.688889
37.404446
31.520000
31.875555
32.728889
27.644444
41.040001
26.462223
35.075554
34.168888
40.613335
33.546665
29.573334
35.911110
30.684444
36.560001
27.724445
36.080002
28.524445
40.728889
26.471111
36.391109
40.035557
29.333334
33.191113
38.017776
36.320000
31.244444
31.857779
33.475555
41.537777
33.262222
32.168888
27.866667
23.875555
24.453333
26.222221
27.955555
35.146667
34.720001
39.413334
36.711113
36.293335
47.093334
25.288889
32.222221
37.457779
39.840000
28.648890
38.346668
46.453335
52.168888
37.084446
49.866665
44.284443
47.635555
42.871113
44.604443
37.777779
47.457779
46.177776
47.840000
41.262222
42.124443
40.257778
41.813332
43.777779
38.000000
32.008888
32.808887
36.124443
33.608891
45.520000
42.471111
33.102222
41.040001
46.684444
33.457779
32.302223
32.337776
37.662224
42.097778
34.195557
30.408890
24.364445
33.288887
25.048889
24.160000
37.955555
32.666668
29.475555
36.595554
30.204445
38.631111
40.417778
29.866667
45.004444
44.888889
33.928890
32.231110
32.853333
37.155556
39.777779
33.831112
28.968889
30.364445
34.942223
35.831112
41.324444
37.235554
39.493332
35.351112
29.635555
33.111111
31.928888
31.848888
36.942223
42.639999
37.715557
37.342224
32.844444
28.231112
31.511110
37.991112
30.364445
23.813334
