386.700012
351.004456
319.546661
308.204437
262.124451
207.288895
217.351105
226.960007
227.413330
227.022217
214.462219
234.311111
214.382217
212.933334
213.466660
220.115555
227.182220
214.302216
222.906662
220.720001
158.320007
168.728882
168.604446
178.453339
175.955551
140.817780
173.848892
172.524445
163.751114
168.124451
129.315552
123.262222
116.844444
121.982224
107.342224
112.728889
110.124443
104.782219
101.795555
102.008888
96.924446
102.862221
96.897781
97.688889
106.195557
105.511108
99.075554
96.026665
62.728889
69.288887
71.795555
71.235558
47.057777
37.146667
25.946667
27.324444
27.164444
25.848888
27.555555
21.635555
19.084444
31.022223
17.848888
16.515556
21.502222
28.151112
14.391111
20.008888
20.115555
17.831112
13.013333
24.613333
19.848888
18.693333
23.422222
21.093334
26.151112
20.773333
26.195555
21.288889
31.724445
34.231110
24.862223
24.195555
20.400000
25.866667
22.702223
22.755556
18.240000
17.715555
17.884445
15.377778
13.200000
21.191111
22.337778
27.591110
27.288889
22.053333
16.622223
20.426666
27.208889
16.817778
22.400000
24.862223
20.666666
12.702222
20.408890
21.582222
16.986666
20.204445
19.937778
15.955556
17.893333
15.484445
21.546667
13.111111
18.559999
25.600000
21.146667
17.333334
25.582222
19.057777
28.773333
20.559999
19.297777
20.799999
16.168888
21.360001
20.693333
21.608889
15.742222
17.040001
16.702223
17.422222
16.240000
24.835556
15.608889
20.568890
17.182222
18.186666
14.933333
17.946667
20.364445
18.782223
15.537778
23.671112
20.924444
21.520000
18.577778
15.955556
15.813334
17.128889
18.542223
16.844444
14.471111
20.871111
13.857778
15.297778
19.493334
20.311111
15.324445
19.564444
16.675556
23.226667
12.755555
13.484445
22.862223
16.231112
19.982222
19.315556
11.351111
25.057777
19.813334
26.666666
16.604445
22.737778
16.871111
11.866667
16.320000
13.075556
16.551111
21.866667
16.506666
17.635555
17.688889
11.724444
14.275556
10.382222
13.137777
13.937778
14.035556
13.208889
17.511110
12.480000
11.617778
8.951111
15.688889
16.942223
10.240000
14.551111
15.608889
8.044444
13.146667
10.320000
19.528889
11.502222
12.826667
13.555555
12.435555
13.413333
15.484445
11.582222
26.035555
15.235556
16.151112
17.333334
9.155556
11.884444
14.026667
17.644444
14.560000
19.360001
18.622223
24.559999
21.991112
14.951111
22.977777
16.675556
14.142222
17.768888
17.297777
23.226667
15.448889
15.057777
16.897778
24.648890
18.524445
24.613333
17.315556
20.879999
21.493334
30.693333
23.502222
29.626667
26.435556
20.942223
20.302221
23.768888
22.480000
27.715555
28.328888
