386.700012
359.875549
330.720001
328.853333
299.928894
303.279999
264.417786
264.675568
269.191101
265.911102
255.457779
254.044449
195.973328
207.795563
197.786667
184.435562
196.782227
149.946671
130.337784
134.897781
131.617783
129.146667
144.933334
132.728882
130.506668
132.613327
151.360001
131.795563
144.142227
135.315552
130.568893
130.399994
129.617783
137.502228
126.355553
128.826660
125.306664
114.773331
107.297775
108.586670
109.395554
108.853333
131.893326
111.448891
117.875557
37.031113
45.404446
47.377777
36.213333
28.266666
28.924444
28.444445
33.822224
32.959999
35.742222
31.662222
28.497778
39.217777
28.666666
28.346666
60.435555
29.724445
31.057777
50.826668
43.697777
36.080002
33.368889
30.782223
35.786667
29.528889
35.840000
42.328888
35.617779
44.666668
41.360001
41.680000
37.137779
39.297779
42.257778
36.373333
42.657776
42.835556
28.480000
35.057777
47.004444
33.493332
35.324444
35.635555
40.799999
39.813332
33.591110
31.840000
36.737778
44.275555
39.626667
47.591110
33.235554
27.511110
29.191111
28.248888
32.382221
30.311111
31.342222
26.666666
33.297779
31.093334
37.333332
32.302223
28.151112
32.577778
32.364445
20.168888
30.586666
31.395555
31.466667
19.306667
19.733334
13.697778
14.124444
15.760000
18.915556
24.631111
15.146667
26.213333
21.324444
21.564444
13.768888
26.755556
14.213333
13.955556
12.773334
13.786667
16.986666
13.235556
22.168888
24.231112
16.462223
21.191111
12.497778
20.693333
13.173333
22.622223
17.102222
18.186666
14.284445
17.413334
14.924444
19.813334
23.253334
22.773333
17.537777
21.795555
21.546667
25.137777
16.897778
25.920000
19.653334
13.386666
22.106667
17.315556
23.048889
23.511110
19.040001
14.373333
26.017778
26.622223
27.866667
19.866667
15.342222
22.728889
24.320000
21.955555
19.031111
22.444445
15.768888
19.395555
21.057777
17.440001
23.448889
17.164444
14.506667
15.848889
24.462223
29.537777
15.440000
18.124445
19.928888
26.755556
17.786667
17.440001
17.191111
14.631111
19.013334
23.111111
21.360001
23.333334
25.368889
19.564444
21.760000
17.093334
30.302221
19.928888
27.208889
24.186666
16.177778
18.906666
21.484444
22.551111
22.977777
27.697779
24.231112
18.737778
24.515556
18.613333
15.262222
19.857779
19.377777
18.453333
21.484444
26.355556
29.866667
19.280001
21.404444
15.617778
23.422222
23.377777
22.915556
20.906666
16.551111
18.568890
23.591110
15.262222
23.875555
20.000000
16.533333
12.284445
19.093334
17.724445
12.613334
13.288889
17.920000
17.928888
10.684444
14.844444
9.840000
16.995556
10.542222
14.826667
11.928889
9.653334
15.688889
