386.700012
332.995544
349.502228
317.555542
267.288879
280.586670
264.417786
276.302216
220.222229
245.733337
194.142227
197.262222
204.453339
253.706665
199.271118
198.737778
196.960007
251.342224
183.742218
183.706665
176.257782
236.888885
177.351105
191.848892
192.186661
242.880005
188.737778
189.288895
190.044449
242.435562
193.982224
204.586670
189.368896
255.937775
201.484451
204.995560
200.337784
253.893326
200.124451
204.435562
207.057785
251.102219
228.693329
199.688889
204.764450
274.862213
216.231110
220.622223
220.391113
258.480011
206.808884
206.488892
211.315552
257.653320
212.399994
238.328888
205.102219
258.915558
170.924438
177.653336
192.693329
251.928894
170.248886
194.568893
191.733337
257.795563
191.804443
177.617783
192.746674
233.759995
175.679993
200.391113
172.417770
231.839996
171.413330
172.604446
181.271118
238.631104
182.551117
191.502228
197.360001
245.697784
175.022217
190.515549
193.208893
241.991104
177.031113
175.679993
172.515549
259.911102
227.946671
226.257782
196.195557
234.373337
180.088882
200.346664
179.155548
253.262222
192.195557
181.848892
184.346664
275.324432
227.422226
253.048889
181.048889
253.208893
200.613327
206.160004
206.888885
259.635559
213.431107
187.199997
189.582230
257.768890
171.937775
187.448883
190.657776
235.644440
188.888885
198.071106
275.564453
196.479996
197.902222
246.391113
197.182220
193.066666
196.880005
194.204437
182.222229
195.608887
197.822220
212.044449
197.448883
194.675552
218.382217
203.226669
185.306671
186.115555
184.711105
185.884445
195.315552
191.831116
211.564438
190.897781
194.693329
192.017776
194.479996
206.702225
194.071106
217.182220
206.346664
184.497772
198.942215
198.737778
197.759995
197.564438
196.142227
199.733337
250.497772
208.639999
208.559998
221.733337
202.506668
202.399994
203.137772
204.213333
207.191116
205.297775
215.191116
202.897781
208.088882
207.244446
204.568893
221.964447
203.751114
209.973328
202.737778
205.395554
205.937775
208.320007
236.817780
221.919998
205.617783
203.395554
233.964447
202.720001
201.048889
201.973328
205.982224
218.497772
222.524445
217.297775
190.479996
190.328888
189.733337
205.448883
115.182220
113.635559
115.804443
119.511108
112.035553
113.777779
118.204445
113.031113
113.893333
144.542221
112.968887
108.711113
106.622223
169.839996
177.217773
110.586670
178.728882
173.964447
179.075562
115.555557
182.693329
178.942215
202.951111
126.702225
186.577774
186.666672
173.057785
111.022224
174.204437
174.240005
180.666672
112.924446
119.475555
112.808891
110.595558
111.573334
111.982224
112.168892
118.568886
110.124443
120.364441
111.573334
110.613335
148.080002
113.360001
113.244446
112.515556
125.893333
38.791111
52.133335
48.826668
47.582222
40.684444
43.902222
32.613335
