386.700012
362.604431
335.839996
260.462219
283.911102
306.737793
229.413330
254.453339
232.506668
263.697784
241.973328
282.720001
114.737778
127.004448
120.497780
123.111115
125.528893
117.422226
120.675552
184.471115
179.600006
175.244446
118.257774
119.919998
174.506668
126.862221
122.097778
133.715561
124.648888
129.164444
121.902222
130.275558
129.759995
124.071114
123.733330
183.244446
120.080002
111.368889
112.453331
177.884445
117.768890
111.306664
30.186666
37.253334
30.240000
36.906666
40.017776
42.880001
37.502224
37.297779
34.284443
38.426666
34.275555
36.648888
44.186668
39.546665
60.533333
40.684444
44.631111
22.586666
28.035555
26.408890
27.333334
36.026669
24.400000
30.462223
28.008888
29.626667
32.177776
32.080002
32.808887
31.075556
35.200001
32.346668
30.711111
36.791111
30.711111
34.977779
32.897778
37.857777
30.257778
35.173332
30.666666
30.248888
32.959999
31.191111
33.448891
35.137779
43.813332
35.946667
34.231110
37.084446
38.462223
37.404446
32.702221
35.573334
32.906666
43.911110
32.915554
30.826666
30.693333
35.066666
34.533333
31.635555
30.604445
34.639999
55.475555
30.782223
39.457779
20.897778
25.368889
35.857777
40.453335
35.706665
35.484444
45.457779
41.040001
43.786667
50.044445
36.720001
43.200001
46.746666
51.715557
45.688889
43.777779
30.444445
36.693333
51.528889
49.128887
37.057777
44.977779
44.346668
34.391109
43.093334
47.493332
37.946667
47.235554
38.595554
41.528889
39.137779
48.204445
50.462223
41.484444
34.302223
22.515556
20.951111
33.093334
24.213333
23.048889
22.240000
22.497778
24.471111
25.191111
25.395555
38.675556
26.613333
27.182222
30.284445
31.466667
31.644444
31.911112
25.333334
25.351110
26.782223
30.053333
35.288887
21.831112
29.031111
30.160000
28.142221
30.462223
37.182220
36.328888
36.835556
40.000000
39.271111
38.115555
26.160000
27.920000
29.440001
26.142221
26.151112
28.204445
25.751112
27.600000
30.719999
26.711111
28.088888
22.515556
20.844444
21.982222
31.395555
39.235554
34.622223
41.617779
37.724445
36.942223
44.951111
37.680000
45.626667
42.124443
36.097778
45.253334
35.875557
29.502222
38.408890
40.240002
29.920000
29.546667
32.160000
34.222221
29.377777
28.293333
40.186668
45.688889
41.368889
39.884445
33.431110
34.515556
34.826668
35.279999
39.173332
44.639999
36.222221
39.466667
35.377777
41.520000
35.973331
38.302223
40.133335
36.017776
36.808887
42.755554
36.720001
39.964443
36.764446
39.351112
44.639999
35.795555
41.653332
43.200001
36.488888
38.160000
44.631111
42.755554
38.693333
35.742222
35.493332
38.311111
40.577778
40.364445
