386.700012
346.364441
269.964447
267.679993
282.382233
275.253326
265.279999
271.235565
268.337769
275.404449
270.817780
283.155548
303.119995
278.862213
246.506668
232.097778
232.924438
241.084442
255.066666
181.759995
187.786667
193.404449
193.066666
195.786667
205.493332
191.511108
221.262222
193.937775
195.600006
196.044449
191.013336
126.488892
123.777779
127.591110
152.888885
129.262222
123.440002
123.777779
123.102219
124.062225
126.506668
123.919998
138.115555
186.862228
57.448891
59.546665
53.537777
58.008888
56.577778
53.911110
54.328888
54.008888
51.884445
54.471111
62.088890
35.084446
34.835556
36.711113
34.106667
36.924446
35.706665
36.008888
54.097778
54.604443
53.279999
53.937778
61.520000
55.368889
57.155556
54.355556
69.199997
58.124443
62.231110
49.031113
48.844444
49.066666
57.848888
51.271111
70.800003
49.573334
49.466667
48.951111
49.208889
53.279999
38.097778
36.888889
45.706665
50.551109
36.657776
36.471111
36.577778
43.297779
35.919998
34.880001
37.475555
37.119999
36.000000
43.866665
34.471111
41.608891
46.195557
57.626667
50.871113
51.653332
53.173332
56.755554
51.431110
57.671112
57.084446
35.057777
35.982224
44.471111
43.724445
48.408890
44.035557
49.368889
51.022221
50.542221
49.857777
55.200001
42.551109
42.471111
43.457779
42.782223
44.008888
41.457779
42.826668
56.088890
37.128887
36.693333
44.782223
41.306667
50.684444
54.008888
54.088890
48.728889
35.599998
44.088890
45.386665
45.048889
44.266666
45.191113
44.240002
45.360001
45.146667
86.817780
52.515556
46.213333
46.106667
45.528889
45.715557
53.635555
46.826668
45.591110
48.346668
45.271111
68.906670
68.915558
71.982224
72.364441
60.311111
52.088890
58.328888
52.693333
57.911110
57.902222
61.777779
63.297779
66.195557
52.400002
61.626667
53.066666
55.502224
52.017776
41.493332
44.222221
45.128887
52.862221
38.755554
39.431110
46.746666
48.071110
77.048889
91.671112
49.626667
47.368889
49.262222
46.355556
44.782223
47.066666
44.213333
54.177776
45.075554
49.306667
45.902222
47.395557
45.182220
48.151112
44.426666
46.186668
47.848888
49.697777
47.022221
44.728889
43.475555
39.840000
43.671112
43.626667
49.555557
45.671112
41.279999
43.848888
41.528889
51.333332
44.168888
48.675556
40.400002
39.004444
69.120003
43.013332
40.302223
49.022221
57.777779
49.733334
45.502224
37.573334
66.035553
66.897781
64.808891
51.271111
45.119999
48.639999
52.097778
47.840000
49.502224
46.266666
65.262222
52.835556
46.480000
46.737778
50.560001
45.511112
47.217777
48.666668
47.546665
57.831112
50.302223
46.995556
48.711113
53.511112
49.315556
