   1.15738522
   1.15472664
   1.15472664
   1.03808736
   1.03760254
   1.03760254
   1.03268253
   1.03092836
   1.03092836
   1.01377237
   1.01230378
   1.00412419
   0.99680822
   0.99680822
   0.99459088
   0.99459088
   0.99393085
   0.99393085
   0.99226225
   0.99226225
   0.99211096
   0.99211096
   0.98533467
   0.98533467
   0.98246299
   0.98246299
   0.98036062
   0.98036062
   0.97427705
   0.97235100
   0.97084714
   0.96768625
   0.96403947
   0.96403947
   0.96365419
   0.96365419
   0.94640195
   0.94237481
   0.94170561
   0.94170561
   0.93655196
   0.93205018
   0.93205018
   0.93180224
   0.93180224
   0.92829211
   0.92581879
   0.91678592
   0.91543204
   0.91543204
   0.90439785
   0.90439785
   0.90322391
   0.90322391
   0.89978395
   0.89803480
   0.89692347
   0.89186821
   0.89186821
   0.89053636
   0.88812776
   0.88794517
   0.88794517
   0.88352074
   0.88352074
   0.88162693
   0.88072825
   0.87747007
   0.87747007
   0.87725714
   0.87606358
   0.87343823
   0.87215693
   0.87095568
   0.87095568
   0.86992344
   0.86794765
   0.86740412
   0.86740368
   0.86697195
   0.86380061
   0.86272444
   0.85866038
   0.85586306
   0.85586306
   0.84751917
   0.84303008
   0.84154175
   0.84154175
   0.83902953
   0.83902953
   0.83896924
   0.83896924
   0.83347135
   0.83076687
   0.83043334
   0.83043334
   0.83015727
   0.83015727
   0.83015727
   0.27357867
   0.00010001
   0.25393162
   0.51282199
   0.16624245
   0.00010001
   0.00010001
   0.05823599
   0.06768455
   0.07489616
   0.07489616
   0.07489616
   0.00010001
   0.00010001
   0.00010001
   0.00010001
   0.00010001
   0.00010001
   0.00010001
   0.00010001
   0.00010001
   0.00010001
   0.00010001
   0.00010001
   0.00010001
   0.81495757
   0.00010001
   0.00010001
   0.09258916
   0.00010001
   0.06916706
   0.00010001
   0.00010001
   0.00010001
   0.00010001
   0.00010001
   0.00010001
   0.00010001
   0.00010001
   0.08064950
   0.05019782
   0.24368048
   0.00010001
   0.00010001
   0.00010001
   0.06144142
   0.00010001
   0.00010001
   0.00010001
   0.00010001
   0.00010001
   0.13498814
   0.00010001
   0.00010001
   0.10452964
   0.00010001
   0.31573297
   0.00010001
   0.00010001
   0.09965670
   0.09965670
   0.12648922
   0.00010001
   0.00010001
   0.00010001
   0.00010001
   0.00010001
   0.00010001
   0.11368067
   0.00010001
   0.00010001
   0.00010001
   0.00010001
   0.00010001
   0.00010001
   0.09445036
   0.09445036
   0.00010001
   0.00010001
   0.00010001
   0.00010001
   0.23853041
   0.00010001
   0.00010001
   0.08826809
   0.00010001
   0.00010001
   0.00010001
   0.00010001
   0.19050975
   0.13071552
   0.00010001
   0.11171462
   0.11171462
   0.07342996
   0.00010001
   0.00010001
   0.13169674
   0.00010001
   0.09210760
