386.700012
355.475555
299.279999
260.871124
291.155548
257.111115
259.386658
259.857788
286.355560
270.977783
264.364441
266.880005
262.746674
265.786652
253.137772
262.648895
265.662231
214.391113
211.128891
220.435562
218.613327
220.142227
219.226669
217.715561
173.848892
161.742218
166.568893
163.146667
157.404449
179.911118
181.946671
172.986664
175.537781
177.839996
178.426666
180.808884
175.146667
174.168884
152.871109
152.657776
162.124451
152.346664
71.537781
77.599998
75.440002
64.808891
60.195557
51.831112
50.142223
48.995556
51.608891
52.346668
49.866665
50.373333
50.986668
50.355556
48.977779
50.675556
50.426666
51.528889
49.031113
75.653336
50.755554
50.302223
47.182220
50.382221
50.017776
50.720001
50.746666
50.275555
50.915554
52.346668
48.951111
48.871113
51.119999
50.639999
49.075554
60.008888
50.906666
47.884445
46.737778
49.404446
56.906666
43.422222
45.733334
49.048889
45.048889
45.208889
48.515556
46.480000
48.471111
47.697777
47.128887
48.986668
50.133335
63.857777
50.311111
49.244446
49.697777
49.795555
51.075554
60.693333
50.222221
49.848888
50.915554
47.857777
50.008888
52.791111
42.337776
59.840000
57.902222
48.364445
50.204445
49.031113
48.373333
50.160000
48.968887
47.884445
50.560001
53.555557
50.293335
59.688889
45.982224
50.302223
52.631111
39.057777
48.977779
47.466667
43.653332
49.617779
49.857777
47.840000
46.053333
50.720001
54.480000
53.217777
48.560001
46.764446
50.817780
49.955555
48.284443
48.648888
49.893333
62.311111
50.000000
47.226665
47.804443
50.115555
57.546665
50.791111
47.422222
49.911110
51.297779
48.631111
56.666668
48.880001
61.102222
49.795555
49.759998
46.222221
64.737778
49.831112
49.315556
49.662224
49.475555
48.844444
46.613335
60.364445
48.142223
45.875557
49.688889
50.062222
43.911110
50.631111
55.004444
49.013332
45.635555
46.826668
49.386665
45.804443
46.240002
46.773335
47.128887
48.560001
45.075554
49.448891
50.044445
50.888889
49.857777
50.391109
50.577778
41.573334
55.208889
50.933334
46.728889
38.275555
47.644444
50.488888
48.968887
47.351112
48.675556
44.115555
50.791111
44.542221
51.493332
49.555557
47.155556
50.560001
49.777779
46.648888
52.044445
46.595554
30.542223
51.155556
48.915554
49.511112
45.706665
43.191113
35.022221
45.662224
56.533333
50.151112
66.942223
43.617779
37.422222
41.982224
43.493332
44.791111
38.666668
41.511112
43.040001
35.937778
40.604443
35.937778
49.333332
44.808887
35.342224
35.075554
39.537777
42.222221
41.626667
36.951111
41.200001
45.546665
36.782223
40.488888
37.582222
48.400002
52.791111
41.555557
35.253334
