386.700012
342.551117
345.600006
311.262207
245.831116
267.760010
250.746674
249.342224
256.906677
252.906662
252.755554
258.097778
265.955566
260.826660
264.515564
269.200012
270.311096
270.924438
265.173340
245.440002
242.257782
251.946671
255.502228
251.546661
203.919998
203.306671
203.137772
209.440002
199.937775
204.533340
203.697784
204.257782
205.831116
218.915558
282.284454
230.524445
266.666656
219.644440
261.306671
157.431107
159.413330
159.564438
161.146667
219.386673
132.008896
122.782219
185.600006
131.022217
129.511108
123.235558
116.622223
122.373337
123.653336
122.168892
125.546669
110.613335
129.937775
116.222221
111.199997
111.973335
110.257774
108.924446
137.546661
111.031113
112.702225
114.026665
113.084442
109.244446
112.684448
103.937775
106.639999
104.720001
112.426666
116.124443
106.622223
107.128891
109.413330
104.666664
109.360001
105.680000
111.288887
107.653336
106.631111
189.911118
109.662224
109.324448
111.902222
114.577774
114.408890
111.688889
105.448891
108.577774
111.599998
119.831108
107.128891
115.377777
110.506668
107.599998
108.186668
107.457779
110.675552
106.559998
108.497780
110.746666
31.066668
32.888889
34.035557
31.991112
35.680000
32.302223
28.631111
36.799999
34.755554
31.520000
36.106667
37.111111
32.906666
35.724445
32.488888
29.173334
28.897778
28.906666
34.444443
43.697777
28.986666
34.364445
39.217777
29.155556
34.915554
27.955555
39.795555
29.146667
39.591110
33.520000
29.022223
32.062222
33.395557
28.506666
31.893333
29.066668
41.564445
36.435555
31.715555
29.973333
35.431110
27.306667
29.235556
25.795555
32.417778
28.808889
32.213333
28.702223
35.324444
32.160000
34.168888
43.200001
35.759998
32.097778
39.208889
32.408890
44.906666
36.266666
35.768890
38.062222
36.142223
36.942223
46.880001
33.164444
36.728889
47.102222
39.297779
39.831112
38.480000
36.808887
38.275555
45.102222
42.711113
46.160000
38.471111
42.817780
40.497776
40.195557
41.688889
38.346668
44.533333
42.302223
39.119999
44.080002
38.444443
46.551109
45.973331
43.751110
40.044445
36.915554
42.026669
39.751110
44.053333
42.959999
41.191113
41.573334
47.635555
45.617779
43.271111
43.822224
41.182220
42.195557
48.062222
44.088890
39.040001
44.711113
43.919998
35.119999
37.377777
36.240002
44.248890
43.368889
39.484444
35.813332
41.368889
40.248890
39.377777
34.213333
38.231110
32.382221
37.084446
39.182220
37.191113
37.288887
37.315556
45.582222
43.608891
60.933334
32.622223
36.880001
34.097778
31.582222
32.231110
33.582222
34.284443
33.946667
31.857779
30.639999
25.848888
34.231110
37.857777
31.831112
40.515556
32.426666
29.493334
35.431110
33.813332
