386.700012
360.506653
342.453339
311.395569
265.555542
272.693329
224.693329
223.279999
237.635559
247.288895
248.328888
262.888885
244.933334
249.386673
254.960007
234.933334
245.937775
220.853333
218.906662
229.884445
224.320007
216.782227
233.520004
231.075562
233.066666
235.279999
224.195557
219.226669
209.582230
208.924438
223.600006
229.511108
235.360001
209.982224
297.217773
195.653336
213.777771
218.951111
217.679993
166.257782
166.106674
168.257782
161.839996
166.408890
173.342224
168.106674
175.831116
167.262222
164.151108
168.355560
167.520004
164.302216
161.368896
159.395554
165.475555
166.524445
167.573334
167.324448
163.208893
140.880005
144.124451
144.764450
141.635559
137.253326
139.262222
139.511108
72.168892
72.720001
68.000000
69.279999
73.022224
72.053337
69.608887
70.257774
70.755554
73.120003
71.244446
73.848892
73.182220
70.595558
70.355553
67.040001
68.373337
69.706665
71.795555
70.168892
70.142220
70.968887
69.173332
68.568886
68.737778
70.693336
70.995552
67.555557
73.546669
66.959999
67.182220
65.955559
68.488892
69.440002
69.173332
61.786667
62.071110
65.182220
71.626663
68.186668
70.160004
91.004448
71.724442
103.671112
72.026665
66.906670
70.373337
68.542221
73.031113
82.275558
73.226669
78.728889
69.244446
68.604446
72.488892
71.013336
71.351112
74.417778
72.995552
64.595558
68.293335
71.964447
68.000000
69.608887
66.755554
70.417778
72.711113
72.915558
69.377777
93.120003
71.839996
73.902222
70.968887
70.435555
70.248886
67.795555
72.995552
70.773331
68.088890
72.293335
68.951111
69.102219
73.431114
72.737778
67.191109
70.239998
70.533333
70.151108
70.213333
73.848892
73.786667
67.528893
63.653332
62.995556
73.226669
68.897781
71.804443
73.573334
68.595558
71.946663
75.271111
68.275558
73.102219
69.048889
66.000000
67.333336
69.742226
69.857780
66.568886
71.866669
67.084442
73.244446
72.257774
72.115555
71.040001
70.613335
72.337776
72.453331
68.808891
71.013336
73.128891
69.075554
75.342224
70.897781
72.959999
73.351112
73.688889
71.102219
84.346664
73.431114
71.857780
70.702225
71.048889
69.519997
69.164444
74.471107
72.168892
83.644447
90.488892
92.115555
87.368889
85.760002
98.435555
84.213333
79.751114
108.080002
111.768890
113.839996
106.293335
103.786667
102.097778
99.831108
104.373337
111.564445
89.911110
87.911110
85.804443
91.973335
83.644447
82.924446
84.986664
89.244446
84.684448
87.982224
94.933334
82.764442
84.453331
80.737778
88.480003
81.199997
88.533333
88.444443
86.844444
86.026665
89.653336
86.711113
96.844444
87.599998
92.337776
90.204445
87.120003
87.857780
88.559998
86.231110
88.906670
