386.700012
341.324432
305.173340
203.057785
210.462219
203.164444
206.124451
207.617783
206.364441
207.893326
144.382217
144.977783
164.115555
144.435562
146.160004
145.662216
146.257782
145.795563
145.759995
152.551117
145.617783
151.466660
152.960007
154.497772
158.720001
145.875549
177.511108
158.960007
146.746674
208.853333
147.235550
148.951111
151.324448
151.457779
150.711105
150.320007
159.919998
152.346664
160.373337
154.764450
159.662216
162.524445
160.515549
200.355560
150.977783
152.746674
191.440002
180.355560
155.724442
154.639999
155.857773
156.097778
155.946671
161.679993
159.795563
154.506668
156.044449
155.395554
155.573334
151.626663
163.048889
150.968887
151.688889
153.279999
180.186661
154.248886
154.791107
164.355560
160.106674
154.782227
156.293335
156.613327
156.035553
157.617783
159.057785
158.240005
155.315552
157.404449
156.088882
157.893326
155.146667
154.835556
154.711105
163.466660
170.720001
159.093338
157.253326
155.315552
154.133331
156.035553
169.235550
154.684448
158.835556
170.337784
155.875549
162.586670
162.915558
166.248886
170.702225
159.048889
155.315552
156.284439
163.413330
157.582230
157.671112
157.031113
187.600006
157.279999
163.520004
160.346664
159.697784
156.533340
155.759995
153.422226
155.848892
153.448883
155.919998
158.906662
166.302216
154.577774
161.617783
170.417770
152.915558
155.955551
155.831116
154.613327
155.066666
161.982224
155.199997
154.399994
166.373337
154.639999
156.248886
154.533340
161.324448
155.315552
154.248886
152.808884
159.768890
156.071106
168.320007
154.506668
154.151108
154.222229
153.875549
183.022217
159.137772
153.119995
156.968887
154.026672
158.320007
158.577774
184.737778
173.128891
183.262222
214.328888
162.017776
149.306671
164.017776
163.048889
172.035553
166.657776
160.088882
179.404449
175.057785
157.279999
165.751114
163.555557
186.266663
171.893326
162.284439
161.039993
159.466660
157.075562
163.786667
162.399994
160.408890
161.404449
160.604446
162.471115
164.942215
163.235550
175.644440
157.857773
174.746674
158.248886
158.915558
161.048889
156.960007
157.671112
161.013336
169.928894
159.137772
166.604446
152.044449
151.128891
153.839996
157.395554
159.751114
151.431107
160.320007
162.639999
159.911118
150.488892
157.502228
156.880005
152.257782
153.155548
151.137772
155.777771
159.706665
160.471115
159.324448
158.293335
161.795563
160.062225
172.666672
157.973328
155.146667
174.675552
165.706665
194.026672
155.653336
158.746674
158.853333
157.893326
156.604446
155.422226
160.391113
157.591110
159.306671
161.235550
166.320007
169.128891
161.306671
155.600006
162.257782
153.084442
154.702225
157.795563
175.173340
158.462219
153.911118
155.742218
160.515549
157.795563
165.955551
154.773331
154.684448
156.222229
155.591110
