386.700012
345.760010
344.391113
338.293335
249.493332
250.017776
272.115570
310.124451
205.600006
227.893326
243.262222
301.991119
209.413330
210.284439
107.626663
127.217781
189.511108
126.951111
128.266663
140.053329
137.377777
130.213333
201.128891
202.026672
133.031113
121.742226
233.573334
116.444443
122.897781
121.404442
183.511108
125.973335
119.973335
119.031113
185.457779
157.315552
115.697777
119.911110
134.053329
112.622223
112.222221
110.800003
118.373337
111.235558
126.008888
122.586670
132.933334
112.959999
111.555557
120.791115
117.297775
119.057777
109.777779
112.871109
114.728889
113.360001
116.391113
112.044441
112.817780
116.773331
119.902222
121.831108
119.493332
118.684448
122.586670
119.742226
108.213333
105.964447
105.404442
107.066666
105.857780
107.048889
126.968887
109.164444
105.377777
106.942223
114.453331
126.248886
104.577774
25.102222
29.351110
25.120001
24.213333
24.711111
25.537777
25.368889
26.684444
30.586666
33.635555
27.182222
29.120001
31.893333
30.168888
30.311111
27.288889
28.097778
27.297777
27.048889
28.426666
38.506668
28.044445
27.502222
28.648890
32.693333
26.542223
29.395555
26.586666
32.524445
23.173334
27.742222
27.004444
27.040001
28.622223
32.577778
26.480000
29.475555
29.742222
34.408890
31.840000
27.884445
31.262222
30.355556
31.688889
32.231110
31.475555
31.946667
30.746666
34.160000
49.946667
40.524445
37.840000
35.822224
30.746666
30.666666
30.000000
32.115555
34.328888
39.599998
31.902222
32.817780
33.582222
35.004444
36.151112
34.248890
33.324444
33.662224
33.386665
31.777779
31.937778
32.000000
36.302223
29.822222
29.680000
35.484444
32.977779
34.462223
32.675556
31.253334
32.604443
32.142223
32.248890
33.608891
32.142223
31.484444
41.413334
31.884445
30.639999
32.702221
31.306667
34.293335
32.817780
31.493334
32.435555
30.071112
33.617779
31.911112
33.582222
32.737778
30.275555
30.639999
26.755556
29.804445
41.573334
26.666666
28.311111
31.262222
30.231112
29.306667
32.151112
32.008888
30.088888
29.902222
28.408890
30.799999
30.435556
44.435555
31.448889
31.466667
36.737778
30.142221
33.662224
38.284443
31.093334
32.737778
28.275555
32.826668
31.608889
31.102222
33.884445
28.764444
29.520000
31.191111
41.786667
34.755554
29.884445
30.453333
31.653334
30.488890
29.351110
31.502222
33.573334
34.293335
28.888889
30.346666
31.448889
30.951111
30.542223
30.266666
28.782223
31.795555
31.324444
29.600000
29.715555
28.142221
31.120001
32.799999
49.493332
36.888889
40.542221
32.639999
32.897778
31.351110
31.368889
35.937778
41.040001
31.360001
30.951111
30.160000
28.675556
39.128887
30.711111
