386.700012
340.275543
335.333344
337.839996
247.235550
266.079987
294.160004
276.640015
193.395554
191.484451
200.835556
129.315552
126.302223
139.928894
168.391113
164.391113
50.337776
67.306664
14.186666
16.959999
6.497778
8.026667
7.893333
6.222222
14.302222
17.057777
15.528889
19.297777
13.315556
10.755555
12.320000
11.928889
12.844444
16.204445
13.244445
13.591111
13.528889
13.644444
12.817778
14.506667
13.484445
13.440000
13.733334
12.915556
12.871111
11.155556
13.022223
12.302222
13.493333
9.964444
13.253333
12.480000
12.515555
18.613333
11.902223
12.808888
12.204445
13.226666
12.391111
12.400000
12.373333
11.226666
11.600000
10.551111
11.751111
9.448889
10.986667
11.457778
10.853333
12.906667
12.480000
12.844444
11.795555
13.546667
11.822222
14.080000
13.075556
12.862223
14.764444
15.368889
10.364445
13.457778
10.871111
9.928889
12.071111
10.240000
12.791111
8.284445
8.800000
10.222222
10.035556
7.617778
11.128889
15.946667
18.648890
17.262222
15.128889
14.044444
14.844444
11.555555
9.475555
14.915556
15.546667
13.386666
13.431111
16.257778
20.862223
20.462223
19.964445
13.511111
11.768888
10.106667
11.333333
9.955556
11.546667
12.497778
13.582222
12.044444
13.804444
12.764444
11.857778
13.404445
13.315556
13.457778
13.040000
11.715555
11.768888
11.671111
11.422222
12.631111
12.097777
14.284445
13.386666
14.053333
13.031111
14.391111
13.617778
12.240000
12.240000
13.191112
16.426666
12.426666
12.008889
12.435555
12.266666
12.791111
13.875556
13.644444
13.040000
13.653334
13.653334
13.786667
12.408889
12.791111
17.297777
12.346666
13.137777
14.053333
12.800000
10.640000
14.542222
11.786667
11.040000
12.008889
15.040000
13.546667
11.671111
11.111111
12.373333
15.964444
15.386666
11.600000
12.648889
10.924444
15.973333
12.408889
13.742222
13.040000
14.177778
18.133333
18.168888
16.551111
15.280000
14.115556
17.555555
13.733334
15.120000
14.355556
15.422222
15.466666
16.115555
12.995556
18.675556
16.160000
16.577778
18.053333
13.431111
12.791111
3.377778
3.866667
3.253333
3.146667
10.684444
11.342222
4.373333
5.244444
9.342222
5.884444
6.560000
5.484445
6.302222
5.031111
5.742222
6.666667
6.720000
9.440000
17.671112
6.613333
6.026667
5.813334
4.533333
7.466667
7.733333
12.737778
12.151111
7.493333
7.173333
4.728889
5.742222
4.391111
5.208889
5.884444
6.524445
6.577778
7.520000
4.497778
7.715556
6.515555
3.360000
4.675556
3.520000
2.684444
4.266667
3.982222
6.853333
10.186666
2.293333
1.297778
2.542222
2.773333
2.151111
