386.700012
338.897766
342.764435
255.564438
299.804443
242.151108
269.493347
251.697784
262.320007
251.342224
277.697784
198.853333
239.626663
240.711105
241.573334
242.248886
121.768890
161.742218
120.151108
115.955559
127.991112
126.062225
130.337784
123.768890
120.533333
128.204437
139.777771
134.595551
147.555557
142.080002
140.471115
134.586670
191.448883
143.555557
128.995560
189.786667
195.342224
126.213333
154.648895
122.008888
145.724442
164.568893
129.146667
133.191116
135.226669
126.302223
127.031113
130.577774
126.115555
126.639999
129.039993
134.088882
130.399994
135.493332
161.084442
130.533340
131.928894
121.902222
125.404442
120.711113
130.595551
127.386665
126.044441
134.960007
126.639999
127.377777
148.622223
156.728882
133.919998
128.035553
129.235550
129.217773
131.973328
120.462219
122.968887
118.737778
128.302216
134.826660
137.537781
128.533340
134.773331
130.924438
143.804443
139.466660
130.257782
134.924438
132.542221
155.662216
136.231110
128.186661
175.964447
129.457779
143.822220
131.591110
130.844452
142.071106
130.720001
135.866669
146.542221
135.857773
135.119995
129.360001
129.199997
141.617783
132.453339
189.306671
139.351105
152.737778
130.897781
135.662216
132.106674
132.880005
133.066666
139.706665
136.471115
139.128891
139.502228
150.231110
145.279999
140.320007
143.324448
144.657776
139.457779
131.662216
144.631104
174.639999
132.302216
133.973328
132.293335
140.622223
137.982224
139.520004
173.253326
130.595551
132.702225
133.919998
135.208893
134.871109
132.382217
137.608887
145.279999
133.662216
147.626663
139.288895
136.968887
145.457779
137.431107
136.044449
137.493332
140.008896
133.751114
132.373337
144.968887
132.204437
143.048889
127.813332
132.568893
138.933334
137.475555
137.306671
144.862228
127.493332
130.533340
137.057785
129.297775
130.986664
135.119995
131.484451
167.839996
140.115555
143.199997
136.186661
196.284439
201.528885
138.408890
158.897781
134.595551
136.568893
129.457779
125.946663
128.586670
125.804443
133.644440
152.639999
129.226669
136.471115
128.880005
136.399994
203.262222
150.133331
138.328888
128.888885
128.631104
145.244446
138.844452
134.248886
139.600006
141.217773
130.337784
137.946671
163.075562
175.315552
139.004440
137.946671
140.639999
65.173332
61.084446
58.533333
61.244446
44.773335
44.782223
57.546665
71.351112
47.617779
29.884445
54.311111
39.146667
36.524445
52.062222
36.897778
39.777779
37.324444
47.137779
47.546665
57.786667
45.804443
48.213333
60.684444
45.022221
42.639999
51.626667
45.422222
46.693333
54.799999
45.315556
44.915554
53.982224
24.782223
29.662222
39.715557
37.991112
45.013332
44.675556
44.595554
53.502224
62.071110
23.831112
34.346668
48.124443
44.231110
49.964443
