0
0
0
0
0
0
0
0
0
0
0
0
0
0
0
0
0
0
0
0
0
0
0
0
0
0
0
0
0
0
0
0
0
0
0
0
0
0
0
0
0
0
0
0
0
0
0
0
0
0
0
0
0
0
0
0
0
0
0
0
0
0
0
0
0
0
0
0
0
0
0
0
0
0
0
0
0
0
0
0
0
0
0
0
0
0
0
0
0
0
0
0
0
0
0
0
0
0
0
0
38
40
38
50
38
48
38
41
48
42
43
38
36
42
40
34
42
46
36
44
38
38
38
42
44
38
49
44
34
38
48
38
34
38
40
44
46
40
30
30
40
42
40
38
40
38
44
43
40
40
42
38
34
40
34
38
38
38
52
40
42
38
34
44
44
36
34
36
44
48
34
46
38
46
38
46
40
34
36
48
44
46
44
36
50
50
34
44
40
52
38
40
40
44
42
34
44
40
40
42
