0	12.1559
1	12.1819
2	12.1819
3	12.1819
4	12.1819
5	12.1819
6	12.1819
7	12.1872
8	12.553
9	12.553
10	12.553
11	12.553
12	12.553
13	12.553
14	12.553
15	12.7486
16	12.7627
17	12.7627
18	12.7627
19	12.7627
20	12.7627
21	12.7627
22	12.8067
23	12.8067
24	12.8067
25	12.8067
26	12.8303
27	12.8303
28	12.8303
29	12.8303
30	12.8303
31	12.8303
32	12.8303
33	12.8303
34	12.8303
35	12.8303
36	12.8303
37	12.8303
38	12.8524
39	12.8524
40	12.8524
41	12.8524
42	12.8524
43	12.8547
44	12.8547
45	12.8547
46	12.8547
47	12.8547
48	12.9167
49	12.9167
50	12.9167
51	12.9167
52	12.9167
53	12.9167
54	12.9167
55	12.9167
56	12.9167
57	12.9167
58	12.9197
59	12.9197
60	12.9197
61	12.9207
62	12.9207
63	12.9207
64	12.9207
65	12.9207
66	12.9207
67	12.9207
68	12.9207
69	12.9207
70	12.9207
71	12.9207
72	12.9207
73	12.9207
74	12.9207
75	12.9207
76	12.9207
77	12.9207
78	12.9207
79	12.9207
80	12.9207
81	12.9207
82	12.9207
83	12.9207
84	12.9207
85	12.9207
86	12.9207
87	12.9207
88	12.9207
89	12.9207
90	12.9207
91	12.9207
92	12.9207
93	12.9207
94	12.9207
95	12.9207
96	12.9207
97	12.9207
98	12.9207
99	12.9207
100	12.9207
101	12.9207
102	12.9207
103	12.9207
104	12.9207
105	12.9207
106	12.9246
107	12.9246
108	12.9246
109	12.9246
110	12.9246
111	12.9246
112	12.9246
113	12.9246
114	12.9246
115	12.9246
116	12.9246
117	12.9246
118	12.9246
119	12.9246
120	12.9246
121	12.9246
122	12.9246
123	12.9246
124	12.9246
125	12.9246
126	12.9246
127	12.9246
128	12.9246
129	12.9246
130	12.9246
131	12.9246
132	12.9246
133	12.9246
134	12.9246
135	12.9246
136	12.9246
137	12.9246
138	12.9246
139	12.9246
140	12.9246
141	12.9246
142	12.9246
143	12.9246
144	12.9246
145	12.9246
146	12.9246
147	12.9246
148	12.9246
149	12.9246
150	12.9246
151	12.9246
152	12.9246
153	12.9246
154	12.9246
155	12.9246
156	12.9246
157	12.9246
158	12.9246
159	12.9246
160	12.9246
161	12.9246
162	12.9246
163	12.9246
164	12.9246
165	12.9246
166	12.9246
167	12.9246
168	12.9246
169	12.9246
170	12.9246
171	12.9246
172	12.9246
173	12.9246
174	12.9246
175	12.9246
176	12.9246
177	12.9246
178	12.9246
179	12.9246
180	12.9246
181	12.9246
182	12.9246
183	12.9246
184	12.9246
185	12.9246
186	12.9246
187	12.9246
188	12.9246
189	12.9246
190	12.9246
191	12.9246
192	12.9246
193	12.9246
194	12.9246
195	12.9246
196	12.9246
197	12.9246
198	12.9246
199	12.9246
200	12.9246
201	12.9246
202	12.9246
203	12.9246
204	12.9246
205	12.9246
206	12.9246
207	12.9246
208	12.9246
209	12.9246
210	12.9246
211	12.9246
212	12.9246
213	12.9246
214	12.9246
215	12.9246
216	12.9246
217	12.9246
218	12.9246
219	12.9246
220	12.9246
221	12.9246
222	12.9246
223	12.9246
224	12.9246
225	12.9246
226	12.9246
227	12.9246
228	12.9246
229	12.9246
230	12.9246
231	12.9246
232	12.9246
233	12.9246
234	12.9246
235	12.9246
236	12.9246
237	12.9246
238	12.9246
239	12.9246
240	12.9246
241	12.9246
242	12.9246
243	12.9246
244	12.9246
245	12.9246
246	12.9246
247	12.9246
248	12.9246
249	12.9246
250	12.9246
251	12.9246
252	12.9246
253	12.9246
254	12.9246
255	12.9246
256	12.9246
257	12.9247
258	12.9247
259	12.9247
260	12.9247
261	12.9247
262	12.9247
263	12.9247
264	12.9247
265	12.9247
266	12.9247
267	12.9247
268	12.9247
269	12.9247
270	12.9247
271	12.9247
272	12.9247
273	12.9247
274	12.9247
275	12.9247
276	12.9247
277	12.9247
278	12.9247
279	12.9247
280	12.9247
281	12.9247
282	12.9247
283	12.9247
284	12.9247
285	12.9247
286	12.9247
287	12.9247
288	12.9247
289	12.9247
290	12.9247
291	12.9247
292	12.9247
293	12.9247
294	12.9247
295	12.9247
296	12.9247
297	12.9247
298	12.9247
299	12.9247
300	12.9247
301	12.9247
302	12.9247
303	12.9247
304	12.9247
305	12.9247
306	12.9247
307	12.9247
308	12.9247
309	12.9247
310	12.9247
311	12.9247
312	12.9247
313	12.9247
314	12.9247
315	12.9247
316	12.9247
317	12.9247
318	12.9247
319	12.9247
320	12.9247
321	12.9247
322	12.9247
323	12.9247
324	12.9247
325	12.9247
326	12.9247
327	12.9247
328	12.9247
329	12.9247
330	12.9247
331	12.9247
332	12.9247
333	12.9247
334	12.9247
335	12.9247
336	12.9247
337	12.9247
338	12.9247
339	12.9247
340	12.9247
341	12.9247
342	12.9247
343	12.9247
344	12.9247
345	12.9247
346	12.9247
347	12.9247
348	12.9247
349	12.9247
350	12.9247
351	12.9247
352	12.9247
353	12.9247
354	12.9247
355	12.9247
356	12.9247
357	12.9247
358	12.9247
359	12.9247
360	12.9247
361	12.9247
362	12.9247
363	12.9247
364	12.9247
365	12.9247
366	12.9247
367	12.9247
368	12.9247
369	12.9247
370	12.9247
371	12.9247
372	12.9247
373	12.9247
374	12.9247
375	12.9247
376	12.9247
377	12.9247
378	12.9247
379	12.9247
380	12.9247
381	12.9247
382	12.9247
383	12.9247
384	12.9247
385	12.9247
386	12.9247
387	12.9247
388	12.9247
389	12.9247
390	12.9247
391	12.9247
392	12.9247
393	12.9247
394	12.9247
395	12.9247
396	12.9247
397	12.9248
398	12.9248
399	12.9248
400	12.9248
401	12.9248
402	12.9248
403	12.9248
404	12.9248
405	12.9248
406	12.9248
407	12.9248
408	12.9248
409	12.9248
410	12.9248
411	12.9248
412	12.9248
413	12.9248
414	12.9248
415	12.9248
416	12.9248
417	12.9248
418	12.9248
419	12.9248
420	12.9248
421	12.9248
422	12.9248
423	12.9248
424	12.9248
425	12.9248
426	12.9248
427	12.9248
428	12.9248
429	12.9248
430	12.9248
431	12.9248
432	12.9248
433	12.9248
434	12.9248
435	12.9248
436	12.9248
437	12.9248
438	12.9248
439	12.9248
440	12.9248
441	12.9248
442	12.9248
443	12.9248
444	12.9248
445	12.9248
446	12.9248
447	12.9248
448	12.9248
449	12.9248
450	12.9248
451	12.9248
452	12.9248
453	12.9248
454	12.9248
455	12.9248
456	12.9248
457	12.9248
458	12.9248
459	12.9248
460	12.9248
461	12.9248
462	12.9248
463	12.9248
464	12.9248
465	12.9248
466	12.9248
467	12.9248
468	12.9248
469	12.9248
470	12.9248
471	12.9248
472	12.9248
473	12.9248
474	12.9248
475	12.9248
476	12.9248
477	12.9248
478	12.9248
479	12.9248
480	12.9248
481	12.9248
482	12.9248
483	12.9248
484	12.9248
485	12.9248
486	12.9248
487	12.9248
488	12.9248
489	12.9248
490	12.9248
491	12.9248
492	12.9248
493	12.9248
494	12.9248
495	12.9248
496	12.9248
497	12.9248
498	12.9248
499	12.9248
500	12.9248
501	12.9248
502	12.9248
503	12.9248
504	12.9248
505	12.9248
506	12.9248
507	12.9248
508	12.9248
509	12.9248
510	12.9248
511	12.9248
512	12.9248
513	12.9248
514	12.9248
515	12.9248
516	12.9248
517	12.9248
518	12.9248
519	12.9289
520	12.9289
521	12.9289
522	12.9289
523	12.9289
524	12.9289
525	12.9289
526	12.9289
527	12.9289
528	12.9289
529	12.9343
530	12.9343
531	12.9343
532	12.9343
533	12.9343
534	12.9343
535	12.9343
536	12.9343
537	12.9343
538	12.9343
539	12.9343
540	12.9343
541	12.9343
542	12.9343
543	12.9343
544	12.9343
545	12.9343
546	12.9343
547	12.9343
548	12.9343
549	12.9343
550	12.9343
551	12.9343
552	12.9343
553	12.9343
554	12.9343
555	12.9343
556	12.9343
557	12.9343
558	12.9343
559	12.9343
560	12.9343
561	12.9343
562	12.9343
563	12.9343
564	12.9343
565	12.9343
566	12.9343
567	12.9343
568	12.9343
569	12.9343
570	12.9343
571	12.9343
572	12.9348
573	12.9348
574	12.9348
575	12.9348
576	12.9348
577	12.9348
578	12.9348
579	12.9348
580	12.9356
581	12.9356
582	12.9356
583	12.9356
584	12.9356
585	12.9356
586	12.9356
587	12.9356
588	12.9356
589	12.9356
590	12.9356
591	12.9356
592	12.9356
593	12.9356
594	12.9356
595	12.9356
596	12.9356
597	12.9356
598	12.9356
599	12.9356
600	12.9357
601	12.9357
602	12.9357
603	12.9357
604	12.9357
605	12.9357
606	12.9357
607	12.9357
608	12.9357
609	12.9357
610	12.9357
611	12.9357
612	12.9357
613	12.9357
614	12.9357
615	12.9357
616	12.9357
617	12.9357
618	12.9357
619	12.9362
620	12.9362
621	12.9362
622	12.9362
623	12.9362
624	12.9362
625	12.9362
626	12.9362
627	12.9362
628	12.9362
629	12.9362
630	12.9362
631	12.9362
632	12.9362
633	12.9362
634	12.9362
635	12.9362
636	12.9362
637	12.9362
638	12.9362
639	12.9362
640	12.9362
641	12.9362
642	12.9362
643	12.9362
644	12.9362
645	12.9362
646	12.9362
647	12.9362
648	12.9362
649	12.9362
650	12.9362
651	12.9362
652	12.9362
653	12.9362
654	12.9362
655	12.9362
656	12.9362
657	12.9362
658	12.9362
659	12.9362
660	12.9362
661	12.9362
662	12.9362
663	12.9362
664	12.9362
665	12.9362
666	12.9362
667	12.9362
668	12.9362
669	12.9362
670	12.9362
671	12.9362
672	12.9362
673	12.9363
674	12.9363
675	12.9363
676	12.9363
677	12.9363
678	12.9363
679	12.9363
680	12.9363
681	12.9363
682	12.9363
683	12.9363
684	12.9363
685	12.9363
686	12.9363
687	12.9363
688	12.9363
689	12.9363
690	12.9363
691	12.9363
692	12.9363
693	12.9363
694	12.9363
695	12.9363
696	12.9363
697	12.9363
698	12.9363
699	12.9363
700	12.9363
701	12.9363
702	12.9363
703	12.9363
704	12.9363
705	12.9363
706	12.9363
707	12.9363
708	12.9363
709	12.9363
710	12.9363
711	12.9363
712	12.9363
713	12.9363
714	12.9363
715	12.9363
716	12.9363
717	12.9363
718	12.9363
719	12.9363
720	12.9363
721	12.9363
722	12.9363
723	12.9363
724	12.9363
725	12.9363
726	12.9363
727	12.9363
728	12.9363
729	12.9363
730	12.9363
731	12.9363
732	12.9363
733	12.9363
734	12.9363
735	12.9363
736	12.9363
737	12.9363
738	12.9363
739	12.9363
740	12.9363
741	12.9363
742	12.9363
743	12.9363
744	12.9363
745	12.9363
746	12.9363
747	12.9363
748	12.9363
749	12.9363
750	12.9363
751	12.9363
752	12.9363
753	12.9363
754	12.9363
755	12.9363
756	12.9363
757	12.9363
758	12.9363
759	12.9363
760	12.9363
761	12.9363
762	12.9363
763	12.9363
764	12.9363
765	12.9363
766	12.9363
767	12.9363
768	12.9363
769	12.9363
770	12.9363
771	12.9363
772	12.9363
773	12.9363
774	12.9363
775	12.9363
776	12.9363
777	12.9363
778	12.9363
779	12.9363
780	12.9363
781	12.9363
782	12.9363
783	12.9363
784	12.9363
785	12.9363
786	12.9363
787	12.9363
788	12.9363
789	12.9363
790	12.9363
791	12.9363
792	12.9363
793	12.9363
794	12.9363
795	12.9363
796	12.9363
797	12.9363
798	12.9363
799	12.9363
800	12.9363
801	12.9363
802	12.9363
803	12.9363
804	12.9363
805	12.9363
806	12.9363
807	12.9363
808	12.9363
809	12.9363
810	12.9363
811	12.9363
812	12.9363
813	12.9363
814	12.9363
815	12.9363
816	12.9363
817	12.9363
818	12.9363
819	12.9363
820	12.9363
821	12.9363
822	12.9363
823	12.9363
824	12.9363
825	12.9363
826	12.9363
827	12.9363
828	12.9363
829	12.9363
830	12.9363
831	12.9363
832	12.9363
833	12.9363
834	12.9363
835	12.9363
836	12.9363
837	12.9363
838	12.9363
839	12.9363
840	12.9363
841	12.9363
842	12.9363
843	12.9363
844	12.9363
845	12.9363
846	12.9363
847	12.9363
848	12.9363
849	12.9363
850	12.9363
851	12.9363
852	12.9363
853	12.9363
854	12.9363
855	12.9363
856	12.9363
857	12.9363
858	12.9363
859	12.9363
860	12.9363
861	12.9363
862	12.9363
863	12.9363
864	12.9363
865	12.9363
866	12.9363
867	12.9363
868	12.9363
869	12.9363
870	12.9363
871	12.9363
872	12.9363
873	12.9363
874	12.9363
875	12.9363
876	12.9363
877	12.9363
878	12.9363
879	12.9363
880	12.9363
881	12.9363
882	12.9363
883	12.9363
884	12.9363
885	12.9363
886	12.9363
887	12.9363
888	12.9363
889	12.9363
890	12.9363
891	12.9363
892	12.9363
893	12.9363
894	12.9363
895	12.9363
896	12.9363
897	12.9363
898	12.9363
899	12.9363
900	12.9363
901	12.9363
902	12.9363
903	12.9363
904	12.9363
905	12.9363
906	12.9363
907	12.9363
908	12.9363
909	12.9363
910	12.9363
911	12.9363
912	12.9363
913	12.9363
914	12.9363
915	12.9363
916	12.9363
917	12.9363
918	12.9363
919	12.9363
920	12.9363
921	12.9363
922	12.9363
923	12.9363
924	12.9363
925	12.9363
926	12.9363
927	12.9363
928	12.9363
929	12.9363
930	12.9363
931	12.9363
932	12.9363
933	12.9363
934	12.9363
935	12.9363
936	12.9363
937	12.9363
938	12.9363
939	12.9363
940	12.9363
941	12.9363
942	12.9363
943	12.9363
944	12.9363
945	12.9363
946	12.9363
947	12.9363
948	12.9363
949	12.9363
950	12.9363
951	12.9363
952	12.9363
953	12.9363
954	12.9363
955	12.9363
956	12.9363
957	12.9363
958	12.9363
959	12.9363
960	12.9363
961	12.9363
962	12.9363
963	12.9363
964	12.9363
965	12.9363
966	12.9363
967	12.9363
968	12.9363
969	12.9363
970	12.9363
971	12.9363
972	12.9363
973	12.9363
974	12.9363
975	12.9363
976	12.9363
977	12.9363
978	12.9363
979	12.9363
980	12.9363
981	12.9363
982	12.9363
983	12.9363
984	12.9363
985	12.9363
986	12.9363
987	12.9363
988	12.9363
989	12.9363
990	12.9363
991	12.9363
992	12.9363
993	12.9363
994	12.9363
995	12.9363
996	12.9363
997	12.9363
998	12.9363
999	12.9363
1000	12.9363
