386.700012
335.724457
311.635559
307.386658
211.991104
223.884445
229.146667
212.222229
225.262222
233.564438
251.039993
250.453339
238.168884
239.955551
239.884445
231.706665
220.986664
229.315552
211.582230
191.582230
223.039993
226.222229
195.511108
213.119995
209.617783
204.364441
208.577774
202.097778
197.271118
207.777771
154.275558
142.142227
160.382217
152.275558
160.097778
141.600006
155.884445
149.662216
146.720001
144.711105
138.755554
161.297775
156.017776
144.942215
130.728882
146.960007
133.155548
147.671112
128.417770
139.493332
146.551117
151.288895
145.804443
143.475555
59.306667
63.484444
70.559998
65.120003
69.617775
68.257774
70.097778
57.164444
63.759998
63.911110
65.653336
65.288887
59.404446
65.502220
79.457779
63.511112
64.711113
71.928886
75.368889
75.137779
78.817780
85.288887
92.462219
76.168892
85.599998
72.239998
62.995556
70.977776
82.124443
77.768890
52.595554
68.480003
66.720001
58.613335
66.035553
50.373333
54.808887
68.017776
56.311111
71.244446
63.946667
35.751110
66.791115
60.880001
59.288887
70.444443
58.097778
65.128891
54.151112
65.048889
55.742222
56.808887
58.711113
47.360001
77.235558
55.155556
57.546665
62.853333
59.013332
67.768890
56.355556
61.635555
60.320000
42.737778
55.831112
52.035557
42.515556
57.768890
54.168888
39.795555
64.462219
62.773335
53.733334
57.013332
51.395557
64.871109
57.626667
44.391109
61.759998
48.968887
58.417778
58.124443
41.200001
63.288887
64.391113
54.551109
53.404446
37.404446
56.017776
54.577778
53.724445
52.942223
58.168888
45.004444
58.204445
36.791111
43.075554
67.413330
30.035555
38.000000
20.008888
44.311111
48.186668
34.488888
47.680000
53.617779
63.688889
52.666668
46.302223
48.160000
51.982224
74.373337
60.062222
46.942223
58.053333
33.271111
49.368889
59.288887
64.755554
39.439999
54.799999
35.759998
68.417778
54.711113
49.484444
51.564445
36.959999
69.777779
71.182220
74.142220
64.195557
59.182220
75.466667
48.684444
56.062222
66.568886
52.986668
69.804443
69.768890
56.764446
62.453335
68.177780
77.857780
70.266670
74.311111
57.475555
68.951111
59.528889
49.848888
36.364445
60.648888
55.226665
53.893333
54.684444
63.128887
59.048889
64.471107
65.111115
51.111111
52.506668
62.480000
43.848888
49.937778
69.120003
55.555557
61.466667
70.995552
59.288887
59.173332
60.088890
67.493332
69.724442
63.200001
67.466667
71.706665
64.195557
65.262222
54.560001
72.559998
64.195557
73.973335
55.279999
65.591110
71.040001
54.106667
58.240002
75.733330
63.599998
75.857780
67.342224
40.702221
52.551109
69.306664
65.324448
65.253334
45.911110
45.297779
