386.700012
346.284454
313.404449
309.093323
249.991104
212.382217
213.546661
190.240005
198.151108
175.546661
193.075562
188.968887
188.639999
185.413330
176.142227
197.253326
182.533340
127.128891
116.239998
122.044441
124.053337
50.551109
51.119999
64.666664
63.742222
59.804443
59.191113
60.408890
58.000000
52.746666
54.542221
45.475555
50.906666
50.799999
45.226665
43.457779
32.435555
31.422222
33.626667
31.644444
31.768888
31.564444
27.413334
27.493334
31.137777
26.062222
20.746666
20.622223
20.346666
14.124444
11.164444
12.711111
22.035555
12.897778
23.546667
19.911112
26.231112
24.951111
26.097778
21.288889
20.133333
22.675556
22.719999
16.604445
28.275555
20.719999
20.133333
24.755556
23.253334
20.568890
20.115555
19.973333
20.257778
22.177778
20.746666
16.586666
10.675555
11.813334
12.497778
15.244445
15.760000
18.542223
14.195556
12.906667
14.960000
11.333333
13.724444
21.608889
13.386666
15.191112
11.422222
10.417778
11.208889
14.293333
9.564445
8.720000
17.120001
11.422222
9.688889
11.697778
13.680000
11.413333
13.573334
13.546667
12.835556
21.484444
14.817778
16.248888
17.928888
14.355556
15.271111
15.368889
26.231112
14.186666
13.440000
17.191111
8.222222
9.768888
16.622223
9.022223
9.857778
8.986667
11.173333
8.684444
15.306666
9.937778
13.946667
10.337778
8.115556
13.377778
16.222221
17.608889
22.106667
28.488890
23.733334
24.933332
27.822222
29.333334
24.728889
23.804445
31.244444
18.533333
17.857779
13.342222
16.951111
15.760000
6.382222
19.413334
14.657778
6.773334
14.008889
10.693334
11.324445
11.893333
9.173333
9.946667
13.120000
9.866667
13.786667
14.533334
10.986667
10.488889
9.875556
7.182222
11.511111
15.422222
8.595555
9.582222
8.986667
12.675555
7.502222
14.124444
10.133333
12.444445
21.368889
12.942223
9.848889
9.093333
12.560000
8.382222
7.777778
10.408889
16.666666
16.488890
8.151111
10.924444
9.644444
12.071111
6.613333
7.493333
5.724444
16.337778
8.204445
6.177778
13.466666
12.026667
10.124444
4.728889
11.928889
9.680000
5.102222
7.448889
7.831111
8.631111
4.080000
8.586667
9.386666
13.955556
5.591111
14.177778
7.928889
5.262222
17.093334
6.933333
7.511111
15.084444
6.373333
12.853333
10.711111
11.333333
15.857778
11.840000
15.217778
11.795555
9.511111
19.368889
18.702223
19.111111
14.506667
22.373333
21.937778
16.808889
18.755556
17.688889
19.448889
7.484445
13.715555
13.173333
8.960000
8.835556
7.493333
12.951111
16.755556
17.333334
11.048889
9.502222
6.382222
15.395555
10.853333
6.320000
5.564445
