386.700012
332.951111
320.257782
316.835541
319.564453
314.444458
300.337769
282.177765
204.213333
203.813339
212.231110
214.257782
223.342224
195.946671
204.951111
221.608887
228.960007
222.986664
235.448883
234.453339
187.466660
196.222229
189.582230
193.973328
197.884445
185.155548
198.906662
190.035553
204.133331
204.337784
215.937775
201.146667
202.675552
193.262222
204.044449
202.053329
197.199997
196.675552
199.351105
223.137772
186.506668
242.088882
185.199997
208.097778
262.320007
196.275558
249.831116
258.551117
219.600006
240.782227
259.777771
234.720001
175.279999
175.617783
174.862228
156.746674
92.480003
92.471107
89.635559
88.373337
98.408890
87.973335
44.373333
44.737778
45.004444
41.244446
41.555557
7.671111
11.644444
6.204444
13.626667
6.328889
18.302221
8.764444
12.293333
9.413333
13.626667
11.200000
6.533333
11.804444
7.173333
15.262222
5.920000
9.493333
9.973333
6.320000
7.173333
16.088888
15.564445
7.626667
8.995556
9.875556
7.377778
6.888889
10.097777
11.128889
12.880000
14.862223
10.080000
8.924444
7.546667
11.813334
8.195556
10.995556
6.702222
9.617778
7.102222
4.506667
16.924444
5.902222
6.764444
5.200000
6.800000
14.675555
9.200000
16.088888
8.675555
11.600000
9.724444
9.546667
15.208889
12.168889
11.813334
15.262222
3.822222
13.564445
5.795556
6.177778
9.688889
5.626667
5.768889
4.346667
8.426666
11.875556
7.866667
18.293333
4.444445
5.733333
5.662222
8.568889
9.644444
4.826667
13.688889
3.724444
7.591111
7.360000
15.297778
5.537778
3.733333
7.591111
6.542222
3.271111
4.053333
12.133333
8.115556
11.351111
12.551111
7.208889
15.191112
8.675555
11.813334
19.288889
13.626667
8.248889
7.831111
11.475555
6.906667
9.404445
3.920000
16.826666
12.071111
6.195556
3.573333
4.320000
11.422222
7.751111
21.520000
14.622222
13.937778
8.782222
14.551111
9.048889
5.324444
12.168889
8.400000
8.328889
10.657778
6.942222
8.853333
14.844444
7.128889
5.031111
6.977778
5.964445
8.826667
14.684444
7.004445
15.866667
5.217778
6.693333
7.146667
6.942222
8.782222
15.511111
7.955555
5.902222
11.004444
6.577778
12.364445
10.906667
5.724444
10.746667
9.840000
10.151111
4.888889
22.008888
10.577778
10.302222
5.368889
12.213333
7.680000
4.933333
11.733334
11.688889
8.044444
8.560000
9.662222
11.751111
6.417778
10.213333
4.871111
4.026667
11.795555
4.364444
8.355556
5.902222
8.551111
9.582222
12.400000
5.653333
7.484445
8.311111
7.964445
11.475555
11.404445
10.222222
7.448889
5.351111
9.848889
6.942222
10.622222
