386.700012
350.293335
319.813324
338.355560
274.355560
231.653336
227.919998
244.177780
251.404449
246.417770
245.555557
229.102219
233.786667
241.386673
275.173340
230.666672
237.768890
186.577774
184.906662
197.991104
173.520004
191.422226
184.373337
169.946671
187.013336
206.506668
196.364441
188.666672
180.800003
182.240005
119.795555
128.835556
117.137779
109.813332
110.720001
106.266670
34.088890
36.586666
29.813334
30.773333
33.279999
32.595554
27.431110
23.315556
35.928890
20.577778
32.915554
29.644444
26.604445
38.373333
24.106667
26.275555
27.440001
25.511110
29.315556
26.382223
21.582222
39.555557
30.799999
22.524445
34.195557
12.488889
31.875555
38.382221
20.311111
31.262222
24.355556
37.742222
21.813334
17.831112
28.115555
19.226667
23.048889
15.813334
29.795555
37.555557
27.564444
22.160000
32.088890
29.520000
32.720001
35.075554
40.720001
30.115555
38.124443
28.728889
35.591110
35.919998
41.200001
37.946667
36.648888
34.728889
32.488888
33.733334
39.502224
36.160000
28.426666
29.253334
25.502222
39.688889
28.151112
36.755554
33.466667
42.693333
37.591110
30.604445
38.044445
41.493332
35.626667
32.524445
29.688889
34.782223
33.191113
31.991112
31.546667
29.653334
42.639999
38.995556
44.880001
26.151112
32.115555
29.484444
29.973333
30.471111
24.951111
23.671112
27.102222
33.902222
28.026667
42.008888
22.968889
36.231110
34.986668
24.462223
34.151112
34.595554
28.444445
30.062222
36.675556
24.782223
32.346668
31.048889
32.391109
25.733334
25.333334
30.648890
36.320000
38.328888
34.115555
24.613333
33.057777
23.875555
25.973333
32.711113
31.697779
32.835556
25.208889
32.346668
25.831112
30.657778
28.426666
24.666666
28.835556
31.333334
32.053333
24.577778
37.537777
20.622223
23.440001
27.448889
29.724445
23.315556
32.648888
22.568890
29.182222
26.044445
33.057777
30.017778
32.444443
28.168888
26.844444
32.320000
31.884445
30.604445
33.351112
33.671112
27.111111
22.426666
32.542221
23.911112
30.106667
23.022223
30.764444
35.742222
30.160000
30.577778
31.928888
31.128889
24.613333
32.240002
25.466667
28.586666
17.760000
30.177778
22.577778
25.324444
27.511110
29.600000
21.662222
26.915556
31.004444
23.608889
19.537777
15.111111
20.924444
24.391111
20.915556
25.475555
19.262222
19.724445
16.151112
15.404445
16.844444
11.102222
17.671112
24.586666
16.728889
12.124444
16.133333
16.639999
19.680000
14.817778
16.799999
15.964444
10.888889
11.217778
21.582222
19.182222
19.084444
12.444445
14.293333
13.733334
11.884444
17.093334
21.137777
6.995555
15.031111
14.115556
19.377777
8.062222
22.000000
