386.700012
338.906677
311.635559
303.440002
265.991119
259.155548
211.582230
237.582230
207.102219
213.448883
215.653336
216.471115
211.360001
209.617783
203.271118
208.817780
202.337784
216.080002
153.644440
148.853333
151.404449
144.035553
151.831116
171.111115
163.342224
164.524445
163.288895
166.266663
105.866669
105.279999
106.453331
105.697777
103.084442
99.057777
107.733330
104.373337
99.982224
105.173332
100.657776
107.519997
90.346664
87.715553
95.946663
82.924446
73.333336
52.364445
70.400002
59.466667
53.706665
53.582222
55.111111
65.519997
48.728889
59.004444
67.804443
46.622223
76.497780
50.639999
58.062222
58.480000
45.742222
76.977776
57.804443
57.804443
44.684444
71.333336
59.777779
62.497776
46.284443
61.288887
55.919998
57.244446
54.124443
55.191113
53.493332
60.293335
65.226669
57.742222
56.000000
49.208889
66.702225
54.417778
70.595558
53.706665
63.635555
72.826668
72.595558
72.826668
74.915558
70.879997
68.177780
52.880001
58.071110
54.391109
51.360001
55.235554
50.275555
53.626667
50.044445
62.337776
52.417778
53.973331
52.337776
69.608887
46.657776
55.599998
59.057777
48.906666
50.915554
59.759998
55.235554
52.791111
60.942223
53.164444
66.071114
64.160004
87.262222
68.382225
67.031113
65.937775
73.973335
64.328888
63.466667
73.440002
78.444443
67.093330
54.577778
66.133331
68.844444
70.951111
60.364445
58.071110
68.551109
62.346668
63.439999
58.888889
64.693336
48.728889
54.257778
61.919998
52.000000
61.724445
72.222221
58.453335
66.337776
54.666668
75.626663
64.257774
46.880001
53.564445
51.875557
54.924446
54.586666
51.902222
56.257778
49.351112
55.235554
61.297779
68.408890
60.933334
63.582222
71.724442
64.044441
71.155556
62.462223
53.751110
47.840000
51.262222
55.386665
50.791111
45.475555
40.515556
31.173334
51.742222
33.919998
37.599998
51.324444
37.004444
51.431110
46.177776
65.884445
41.155556
58.657776
41.582222
45.751110
32.506668
43.697777
41.884445
36.080002
57.075554
46.382221
48.577778
52.417778
44.880001
39.724445
45.555557
52.560001
42.835556
50.986668
47.697777
34.942223
59.644444
54.551109
48.862221
52.106667
50.080002
45.226665
39.644444
38.675556
40.684444
45.306667
50.693333
44.613335
41.457779
50.568890
54.435555
46.862221
35.902222
36.257778
41.413334
36.186668
44.808887
36.728889
44.720001
43.688889
45.324444
31.608889
40.186668
56.320000
40.862221
37.840000
51.724445
42.017776
41.502224
44.515556
47.795555
45.813332
48.284443
38.142223
42.328888
49.111111
39.902222
53.324444
44.453335
41.893333
40.480000
58.080002
47.431110
47.502224
64.871109
46.240002
