386.700012
340.320007
300.426666
258.151123
205.848892
191.253326
195.724442
200.906662
204.968887
208.888885
212.071106
207.751114
198.044449
218.017776
198.960007
199.102219
192.035553
177.911118
120.088890
110.026665
26.115555
30.666666
16.835556
27.635555
29.822222
24.222221
27.991112
25.902222
22.186666
26.106667
14.933333
20.666666
36.088890
27.582222
21.555555
25.200001
18.595556
16.791111
27.342222
24.657778
28.835556
28.195555
13.902223
32.124443
27.946667
20.568890
20.577778
19.484444
26.551111
17.875555
17.991112
20.080000
11.982223
18.968889
9.742222
13.511111
21.262222
24.337778
19.644444
21.804445
15.795555
17.831112
19.626667
13.084444
15.511111
22.035555
20.160000
21.013334
33.226665
14.595555
20.453333
12.462222
14.053333
17.795555
15.920000
14.284445
16.657778
18.240000
18.737778
17.280001
10.906667
15.955556
15.128889
21.137777
19.075556
12.675555
14.604445
13.120000
16.453333
14.213333
13.493333
12.977777
12.320000
18.000000
26.080000
24.844444
28.675556
20.782223
20.604445
25.982222
26.933332
28.533333
14.462222
16.648890
17.093334
34.204445
17.857779
20.897778
24.506666
17.333334
19.848888
30.915556
19.608889
32.826668
22.462223
29.546667
23.715555
18.995556
20.160000
19.031111
17.253334
40.880001
22.799999
25.635555
21.333334
13.173333
12.728889
18.204445
18.257778
12.408889
23.208889
19.208889
24.213333
22.595556
15.964444
19.653334
6.257778
18.302221
11.777778
14.364445
22.506666
21.688889
14.008889
12.577778
15.448889
20.675556
13.751111
18.346666
14.977777
13.928889
19.991112
9.324445
15.395555
15.031111
21.040001
18.080000
22.417778
9.928889
20.951111
16.604445
23.262222
24.773333
6.702222
16.693333
12.568889
14.311111
15.280000
15.057777
12.168889
15.937778
19.457777
13.297778
28.995556
16.284445
18.639999
23.884445
20.853333
29.120001
23.591110
28.791111
31.084444
39.688889
31.662222
33.715557
26.666666
39.137779
29.626667
27.875555
28.408890
37.466667
37.635555
28.515556
26.275555
25.875555
22.346666
23.422222
27.324444
24.275555
21.964445
25.173334
10.044444
16.337778
15.475555
14.622222
20.346666
17.697779
18.133333
21.368889
12.675555
15.831111
10.826667
20.844444
21.484444
12.284445
24.328888
22.408890
18.177778
32.666668
18.142221
21.866667
31.066668
11.715555
22.435556
21.955555
33.777779
27.422222
22.871111
28.097778
26.497778
15.004444
17.688889
16.604445
44.648888
23.137777
22.222221
21.991112
30.284445
21.875555
18.088888
22.497778
18.951111
15.360000
11.182222
15.608889
22.231112
21.671112
9.964444
20.586666
28.906666
18.328888
18.462223
