386.700012
335.635559
297.760010
332.079987
299.404449
207.039993
233.084442
254.311111
226.240005
218.266663
217.448883
228.302216
217.119995
176.657776
170.915558
178.515549
170.968887
154.933334
150.924438
154.275558
136.737778
141.093338
131.982224
143.031113
135.324448
137.937775
142.622223
111.395554
35.475555
42.391109
34.799999
27.173334
32.302223
25.191111
27.537777
21.431110
21.493334
24.951111
22.177778
25.884445
26.266666
21.315556
26.106667
35.795555
29.226667
26.471111
29.777779
26.142221
32.906666
35.288887
30.542223
33.368889
30.648890
31.777779
23.760000
32.782223
29.191111
22.524445
27.582222
28.924444
28.799999
33.404446
21.031111
27.395555
24.764444
28.862223
26.408890
25.360001
26.266666
28.115555
25.404444
28.942223
27.164444
32.817780
28.728889
26.862223
26.328888
40.088890
26.426666
24.480000
36.080002
26.444445
26.213333
25.422222
22.693333
18.737778
20.817778
19.306667
27.386667
19.226667
25.697779
21.493334
29.626667
25.831112
23.875555
26.595556
30.577778
26.053333
26.906666
25.040001
25.884445
25.360001
31.146667
32.968887
27.271111
28.124445
30.666666
36.151112
28.168888
29.973333
29.040001
22.595556
26.408890
30.106667
25.626667
31.688889
26.391111
20.755556
28.142221
23.626667
32.106667
22.115555
25.182222
19.351110
20.933332
21.697779
22.240000
29.306667
16.426666
27.244444
16.435556
22.764444
27.235556
16.542223
27.991112
20.186666
12.755555
19.333334
19.013334
27.048889
15.751111
12.782222
13.226666
20.453333
9.884444
14.026667
20.346666
20.382223
16.426666
24.497778
22.977777
22.462223
17.217777
23.306667
15.368889
19.991112
20.488890
16.906666
25.600000
15.128889
17.404444
26.364445
21.964445
23.288889
13.111111
17.493334
17.422222
18.417778
18.906666
33.084446
23.004444
20.488890
21.573334
29.057777
23.271111
34.400002
18.826666
32.391109
28.986666
27.368889
17.466667
17.884445
22.782223
27.973333
27.795555
30.462223
38.151112
17.973333
25.253334
26.622223
29.680000
22.719999
48.515556
27.031111
26.186666
27.671112
35.075554
32.177776
25.751112
24.008888
48.400002
28.586666
28.400000
32.408890
25.528889
25.653334
24.648890
28.417778
36.648888
34.248890
31.493334
35.395557
30.533333
24.453333
31.111111
29.146667
31.084444
34.231110
32.844444
20.684444
24.871111
24.675556
24.808889
31.520000
24.595556
33.146667
29.013334
26.728889
25.493334
21.324444
17.475555
21.528889
19.831112
17.928888
14.995556
23.288889
20.017778
21.662222
21.751112
20.248888
16.462223
23.155556
20.302221
21.893333
22.986666
25.768888
21.937778
18.302221
18.506666
32.168888
10.835556
