386.700012
334.666656
309.306671
301.626678
258.248901
255.537781
203.697784
201.226669
194.435562
202.462219
212.488892
193.653336
190.871109
178.506668
91.208885
98.613335
103.848892
90.462219
93.671112
99.475555
101.102219
99.306664
105.466667
109.466667
116.106667
104.257774
104.488892
99.253334
109.191109
103.457779
102.417778
115.884445
109.946663
105.662224
102.364441
102.266670
108.488892
99.528893
107.937775
104.195557
92.577774
95.644447
100.844444
93.671112
88.791115
5.137778
6.204444
4.977778
5.128889
5.200000
4.435555
5.075555
4.186666
3.040000
3.084445
3.546667
3.982222
6.906667
11.928889
9.520000
12.880000
10.595555
9.680000
11.706667
12.995556
13.137777
15.226666
11.137777
8.417778
12.097777
8.275556
11.591111
10.862223
10.693334
14.915556
14.888889
21.528889
17.297777
19.262222
20.320000
23.831112
26.053333
19.893333
22.213333
20.444445
19.840000
19.315556
18.764444
19.075556
19.004444
13.297778
15.360000
14.506667
19.751112
17.822222
17.760000
12.631111
18.062222
11.706667
13.751111
9.164444
9.120000
8.426666
6.977778
3.946667
5.697778
8.248889
5.288889
4.640000
8.355556
6.497778
5.155556
7.680000
11.395555
14.746667
10.408889
5.626667
8.533334
6.284444
16.959999
7.982222
6.764444
8.693334
6.586667
6.515555
13.164444
3.760000
14.053333
6.462222
20.195555
24.355556
8.880000
4.444445
15.137777
9.760000
6.888889
9.768888
11.697778
19.173334
7.537778
10.986667
8.373333
7.608889
8.026667
3.013333
4.711111
9.288889
4.755556
4.124444
5.857778
8.364445
10.106667
9.715555
5.386667
14.293333
10.248889
3.946667
10.524445
5.448889
9.404445
3.173333
13.191112
7.404444
6.871111
10.435555
5.217778
9.920000
8.595555
8.408889
7.466667
11.288889
10.026667
10.186666
9.831111
9.262222
12.133333
8.826667
13.688889
11.928889
9.022223
11.617778
12.960000
10.737778
9.608889
6.853333
9.528889
9.688889
19.262222
11.280000
12.426666
10.426666
13.004444
13.120000
8.515555
14.071111
9.973333
8.906667
5.137778
10.088889
17.297777
13.964444
8.426666
9.591111
12.337778
9.520000
12.533334
14.444445
4.782222
10.800000
11.653334
7.404444
10.426666
7.422222
13.191112
9.404445
16.933332
14.693334
10.862223
9.964444
12.897778
16.346666
13.884444
16.328888
15.724444
17.466667
12.622222
11.208889
11.928889
7.288889
10.648889
14.800000
7.875556
9.715555
11.200000
14.080000
13.288889
6.657778
12.560000
15.191112
14.151111
9.742222
6.640000
5.902222
10.551111
19.226667
12.151111
10.791111
8.942223
8.693334
7.893333
11.813334
