386.700012
344.711121
303.697784
268.684448
223.724442
224.631104
215.991104
216.720001
212.302216
215.360001
214.008896
207.848892
201.146667
136.595551
146.755554
133.555557
128.231110
64.426666
65.795555
73.733330
61.511112
70.631111
51.946667
72.755554
76.106667
61.777779
58.764446
76.871109
68.311111
57.973331
45.759998
44.106667
46.151112
49.688889
43.457779
41.857777
50.293335
54.933334
41.377777
38.817780
36.880001
35.066666
38.577778
46.764446
50.275555
32.924446
53.946667
45.422222
43.217777
47.182220
46.551109
45.759998
46.880001
45.333332
56.346668
46.426666
48.186668
53.333332
43.662224
56.897778
51.208889
52.284443
42.248890
52.648888
53.022221
43.982224
44.684444
48.737778
50.915554
41.582222
36.355556
49.502224
36.097778
46.213333
41.822224
39.377777
40.026669
48.880001
40.995556
44.799999
42.951111
36.551109
42.480000
41.439999
35.902222
38.684444
40.844444
51.759998
44.497776
45.502224
48.897778
48.266666
45.395557
48.053333
38.764446
33.128887
26.586666
31.440001
33.644444
28.968889
44.044445
38.844444
39.431110
37.093334
40.560001
47.813332
37.759998
43.146667
38.933334
43.759998
30.906666
43.564445
38.524445
31.662222
36.604443
37.751110
38.008888
37.902222
46.053333
38.195557
37.484444
43.244446
40.675556
36.248890
44.524445
49.573334
40.053333
40.622223
44.186668
39.422222
42.977779
40.791111
41.671112
50.284443
33.333332
38.035557
40.728889
39.137779
35.048889
42.444443
46.622223
37.617779
24.160000
26.951111
25.235556
20.711111
19.688889
19.395555
24.808889
19.075556
24.657778
26.026667
23.368889
30.328888
27.591110
17.866667
25.795555
30.595556
17.493334
19.715555
15.146667
21.875555
8.791111
15.644444
15.751111
25.315556
22.328888
12.551111
15.768888
12.960000
13.368889
26.417778
22.959999
18.924444
24.337778
19.635555
14.746667
11.022223
11.164444
12.533334
18.568890
17.902222
12.400000
8.453333
17.413334
15.057777
15.857778
26.364445
18.622223
18.942223
20.275555
16.737778
25.911112
25.013334
12.444445
27.937778
20.133333
17.911112
18.302221
15.715555
14.115556
26.933332
19.351110
17.937778
14.142222
21.315556
8.151111
17.884445
19.120001
21.342222
14.186666
21.680000
19.484444
17.671112
12.933333
17.066668
13.004444
10.097777
20.204445
20.995556
12.488889
7.662222
21.057777
15.360000
23.671112
9.724444
18.311111
12.755555
19.751112
14.008889
16.426666
25.102222
10.648889
24.337778
20.044445
18.480000
20.959999
16.035555
17.324444
13.022223
20.035555
23.288889
24.764444
30.426666
17.235556
19.777779
19.555555
25.920000
15.937778
15.653334
18.346666
