0.76
0.759
0.758
0.759
0.76
0.761
0.755
0.758
0.758
0.758
0.762
0.762
0.76
0.761
0.76
0.759
0.76
0.755
0.757
0.757
0.758
0.754
0.749
0.757
0.757
0.757
0.755
0.756
0.755
0.757
0.754
0.755
0.755
0.756
0.754
0.754
0.755
0.757
0.756
0.758
0.757
0.757
0.76
0.759
0.755
0.756
0.759
0.759
0.757
0.756
0.757
0.75
0.752
0.752
0.754
0.755
0.751
0.754
0.75
0.758
0.76
0.761
0.756
0.76
0.76
0.759
0.759
0.76
0.759
0.758
0.759
0.76
0.76
0.759
0.76
0.759
0.759
0.761
0.763
0.761
0.761
0.758
0.757
0.758
0.757
0.758
0.757
0.755
0.749
0.751
0.75
0.75
0.751
0.755
0.753
0.756
0.76
0.76
0.761
0.763
0.76
0.761
0.761
0.759
0.761
0.758
0.761
0.758
0.758
0.759
0.758
0.756
0.759
0.753
0.757
0.758
0.759
0.758
0.759
0.758
0.758
0.759
0.757
0.76
0.756
0.757
0.757
0.759
0.755
0.759
0.759
0.758
0.758
0.758
0.759
0.759
0.759
0.759
0.757
0.757
0.755
0.757
0.758
0.759
0.759
0.757
0.76
0.758
0.759
0.759
0.761
0.761
0.76
0.76
0.76
0.752
0.756
0.751
0.76
0.757
0.758
0.757
0.759
0.757
0.76
0.759
0.757
0.756
0.76
0.755
0.757
0.758
0.758
0.756
0.756
0.753
0.759
0.758
0.759
0.761
0.755
0.758
0.761
0.759
0.76
0.758
0.759
0.758
0.76
0.758
0.76
0.75
0.754
0.756
0.757
0.756
0.76
0.758
0.752
0.759
0.758
0.757
0.758
0.757
0.757
0.756
0.755
0.757
0.757
0.756
0.76
0.76
0.761
0.758
0.758
0.756
0.756
0.756
0.758
0.759
0.758
0.757
0.756
0.753
0.749
0.752
0.752
0.752
0.752
0.751
0.752
0.751
0.752
0.752
0.751
0.756
0.756
0.757
0.761
0.762
0.763
0.761
0.759
0.764
0.764
0.765
0.764
0.764
0.767
0.765
0.767
0.774
0.779
0.778
0.778
0.777
0.776
0.778
0.774
0.775
0.778
0.777
0.775
0.777
0.777
0.775
0.775
0.775
0.773
0.773
0.772
0.771
0.773
0.773
0.773
0.774
0.773
0.772
0.773
0.772
0.773
0.772
0.773
0.773
0.774
0.776
0.773
0.775
0.775
0.775
0.776
0.774
0.773
0.775
0.777
0.776
0.775
0.775
0.776
0.775
0.775
0.772
0.771
0.772
0.772
0.771
0.772
0.773
0.771
0.772
0.768
0.768
0.769
0.77
0.771
0.771
0.773
0.772
0.774
0.775
0.772
0.769
0.775
0.775
0.773
0.775
0.774
0.776
0.775
0.776
0.776
0.776
0.775
0.773
0.772
0.77
0.771
0.77
0.768
0.767
0.768
0.768
0.77
0.77
0.769
0.77
0.772
0.77
0.769
0.772
0.771
0.771
0.771
0.772
0.774
0.774
0.772
0.772
0.773
0.772
0.77
0.773
0.775
0.774
0.774
0.775
0.775
0.775
0.772
0.771
0.773
0.771
0.771
0.772
0.771
0.771
0.769
0.769
0.769
0.77
0.768
0.769
0.767
0.762
0.767
0.767
0.766
0.764
0.765
0.763
0.762
0.762
0.764
0.763
0.758
0.761
0.76
0.759
0.759
0.761
0.757
0.757
0.757
0.76
0.762
0.758
0.761
0.763
0.763
0.766
0.766
0.765
0.762
0.764
0.763
0.765
0.763
0.761
0.762
0.761
0.76
0.76
0.76
0.759
0.76
0.761
0.759
0.761
0.761
0.763
0.758
0.76
0.757
0.757
0.762
0.762
0.76
0.762
0.762
0.761
0.758
0.76
0.758
0.754
0.754
0.753
0.894
0.88
0.876
0.879
0.876
0.875
0.876
0.873
0.875
0.874
1.858
5.32
1.79
1.739
2.249
2.253
2.204
2.19
1.758
4.088
2.887
4.181
2.936
1.741
1.734
2.857
2.814
3.378
3.074
3.005
2.915
2.938
2.936
2.921
2.901
4.154
3.426
1.708
1.724
2.197
2.16
2.133
3.554
1.769
2.933
2.899
2.928
2.813
1.673
1.683
3.237
2.764
3.058
2.913
2.908
2.878
2.869
2.882
2.893
4.628
1.284
1.517
4.831
1.727
2.531
2.197
2.191
2.123
2.128
2.036
1.679
2.815
2.8
3.591
1.817
1.663
2.878
2.747
3.431
2.745
2.885
2.959
2.791
2.807
2.803
2.805
8.814
5.496
1.67
1.802
2.191
2.177
2.126
2.119
1.689
3.898
2.769
2.822
2.86
1.678
1.661
2.765
2.74
2.87
3.337
2.862
2.812
2.82
2.892
2.791
2.814
4.252
3.875
1.654
1.689
2.194
2.16
2.143
2.019
1.653
2.865
2.741
2.959
2.802
1.672
1.669
3.18
2.76
2.946
2.892
2.893
2.812
2.829
2.761
2.806
4.17
4.247
4.346
1.68
1.838
2.223
2.159
2.171
2.511
1.712
2.906
2.844
3.468
3.107
1.68
1.924
2.849
2.806
2.841
2.915
2.925
2.858
2.835
2.852
2.861
4.886
2.267
1.886
1.696
2.525
2.232
2.148
2.158
2.195
1.673
2.869
2.793
2.951
2.785
1.663
2.723
2.715
3.949
2.749
2.89
2.849
2.786
2.795
2.806
2.794
3.578
3.727
1.68
2.239
2.188
2.179
2.103
2.126
1.843
1.663
2.762
2.789
3.088
1.726
1.642
2.793
2.702
3.053
2.956
2.862
2.844
2.784
2.789
2.778
2.779
9.113
5.332
1.672
1.689
2.19
2.166
2.129
2.114
1.68
3.393
2.736
3.405
2.777
1.642
1.645
2.823
2.681
2.915
2.866
2.856
2.766
2.764
2.735
2.78
2.754
3.049
2.809
1.627
1.66
2.17
2.112
2.124
2.542
1.643
2.806
2.755
2.864
2.736
1.629
1.633
2.984
2.671
2.911
2.852
2.88
2.768
2.758
2.8
2.775
6.367
4.324
2.115
1.657
3.09
2.167
2.115
2.13
2.605
1.648
2.887
2.83
2.999
2.741
1.648
2.557
2.699
4.58
2.716
2.832
2.809
2.746
2.775
2.736
2.731
3.767
5.218
1.67
2.448
2.155
2.166
2.095
2.109
1.952
1.624
2.787
2.684
3.651
1.852
1.635
2.913
2.736
3.426
2.731
2.931
3.05
2.769
2.789
2.768
2.79
7.991
1
0.997
0.836
0.837
0.836
0.853
0.84
0.842
0.844
0.843
0.842
2.288
5.611
1.703
1.776
2.213
2.197
2.143
2.139
1.721
2.708
2.802
2.862
2.869
1.693
1.675
2.766
2.728
2.888
3.178
2.871
2.784
2.806
2.877
2.78
2.799
4.061
3.802
1.688
1.711
2.202
2.181
2.136
2.131
1.674
2.977
2.758
3.075
2.781
1.675
1.67
3.337
2.738
2.905
2.874
2.873
2.808
2.771
2.758
2.779
2.784
3.423
5.532
1.672
1.66
2.209
2.134
2.13
2.463
1.668
2.806
2.796
3.074
2.746
1.64
1.712
2.893
2.701
2.888
2.851
2.828
2.79
2.779
2.775
2.777
7.147
2.996
2.008
1.66
2.675
2.196
2.118
2.123
2.349
1.664
2.87
2.813
3.065
2.774
1.66
2.11
2.73
4.229
2.729
2.849
2.822
2.781
2.8
2.799
2.786
2.966
5.154
1.704
2.572
2.212
2.215
2.127
2.132
1.951
1.655
2.748
2.741
3.913
1.829
1.647
2.832
2.7
3.514
2.706
2.894
3.071
2.749
2.769
2.759
2.775
4.345
5.814
1.677
1.724
2.202
2.218
2.14
2.131
1.701
4.747
2.766
3.082
2.826
1.679
1.664
2.742
2.706
3.095
3.241
3.029
2.981
2.994
3.002
2.881
2.895
5.115
1.073
1.069
1.071
3.203
2.551
1.933
3.51
2.442
2.35
2.361
2.855
1.879
3.099
2.912
3.105
2.983
1.848
1.886
2.818
5.105
2.91
2.995
2.929
2.892
2.844
2.869
2.845
3.667
1.058
4.328
1.924
2.447
2.435
2.441
2.345
2.337
2.067
1.855
2.946
2.925
3.546
1.982
1.854
3.015
2.791
3.444
3.101
2.984
3.024
2.848
2.859
2.843
2.863
9.865
5.39
1.889
1.86
2.449
2.404
2.336
2.306
1.845
4.381
2.919
4.298
2.993
1.848
1.852
2.919
2.792
3.541
3.094
3.059
2.903
2.889
2.876
2.882
2.873
4.551
3.648
1.839
1.811
2.371
2.329
2.296
3.632
1.905
3.013
2.985
3.108
2.928
1.828
1.842
3.082
2.777
3.531
3.009
2.95
2.904
2.875
2.837
2.851
6.055
3.113
3.507
1.847
2.177
2.354
2.3
2.325
2.773
1.847
3.039
2.885
3.528
3.076
1.813
1.936
2.817
4.054
2.848
2.876
2.906
2.829
2.786
2.82
2.835
3.995
2.447
1.988
1.822
2.521
2.401
2.271
2.293
2.764
1.848
2.977
2.851
2.996
2.602
1.809
2.679
2.774
4.278
2.839
2.963
2.899
2.86
2.891
2.883
2.875
4.905
3.501
1.873
2.1
2.388
2.412
2.329
2.296
1.962
1.811
2.802
2.784
3.235
1.873
1.799
2.877
2.681
3.129
2.845
2.816
2.756
2.764
2.757
2.741
2.749
10.198
0.993
2.426
2.163
1.818
2.727
2.362
2.291
2.307
2.509
1.806
2.947
2.83
3.048
2.887
1.809
2.687
2.679
4.361
2.791
2.857
2.806
2.736
2.762
2.745
2.717
3.147
4.16
1.835
2.459
2.361
2.403
2.307
2.337
2.048
1.815
2.86
2.788
3.326
1.923
1.806
2.873
2.684
3.245
2.951
2.844
2.874
2.774
2.753
2.738
2.764
5.614
4.976
1.832
1.754
2.344
2.343
2.292
2.284
1.785
3.872
2.786
3.973
2.876
1.773
1.765
2.801
2.669
3.354
2.993
2.838
2.736
2.763
2.766
2.76
2.76
4.507
3.841
1.783
1.769
2.373
2.338
2.283
3.664
1.821
2.909
2.83
2.99
2.804
1.755
1.742
3.112
2.65
3.207
2.835
2.775
2.725
2.727
2.692
2.716
6.123
3.045
3.145
1.752
2.292
2.299
2.222
2.242
2.651
1.74
2.899
2.742
3.368
2.887
1.734
1.941
2.704
5.937
2.749
2.77
2.814
2.771
2.703
2.725
2.729
3.515
1.002
0.974
0.832
0.833
0.836
2.49
1.972
1.783
2.417
2.323
2.242
2.264
2.387
1.751
2.854
2.747
4.139
2.473
1.755
2.722
2.669
4.099
2.724
2.831
2.734
2.703
2.74
2.715
2.706
4.209
3.199
1.768
2.053
2.313
2.306
2.227
2.237
1.865
1.74
2.789
2.775
3.109
1.798
1.727
2.792
2.669
3.046
2.817
2.822
2.781
2.742
2.741
2.722
2.74
9.435
5.819
1.766
1.751
2.294
2.284
2.211
2.193
1.725
3.296
2.725
3.364
2.77
1.727
1.715
2.867
2.641
3.011
2.876
2.804
2.705
2.723
2.702
2.766
2.768
3.207
3.156
1.756
1.733
2.321
2.198
2.196
2.803
1.763
2.867
2.857
2.947
2.791
1.729
1.725
3.107
2.681
3.017
2.795
2.777
2.768
2.757
2.741
2.76
4.44
2.524
2.631
1.728
3.682
2.284
2.206
2.216
2.674
1.734
2.92
2.766
3.24
2.851
1.737
1.782
2.735
5.17
2.759
2.921
2.815
2.79
2.729
2.74
2.771
3.211
2.628
1.835
2.511
2.329
2.256
2.19
2.206
2.258
1.72
2.84
2.758
5.448
2.392
1.731
2.641
2.685
3.696
2.731
2.805
2.779
2.74
2.757
2.8
2.733
8.201
4.046
1.751
1.881
2.285
2.268
2.179
2.178
1.801
2.284
2.775
2.762
2.922
1.736
1.696
2.781
2.687
2.935
2.91
2.842
2.796
2.76
2.744
2.734
2.745
7.507
5.546
1.734
1.714
2.24
2.214
2.162
2.17
1.722
3.321
2.808
3.404
2.818
1.708
1.695
3.22
2.689
2.917
2.865
2.798
2.753
2.728
2.75
2.754
2.782
2.877
1.005
0.983
0.835
0.847
5.29
1.745
1.793
2.31
2.29
2.223
2.214
1.773
3.128
2.792
2.808
2.901
1.733
1.712
2.757
2.68
2.922
3.321
2.819
2.752
2.75
2.809
2.712
2.756
5.19
3.847
1.701
1.707
2.219
2.208
2.172
2.291
1.726
2.998
2.801
3.17
2.818
1.695
1.713
3.366
2.7
2.848
2.838
2.862
2.766
2.75
2.747
2.784
2.769
3.086
5.472
1.725
1.693
2.256
2.212
2.187
2.636
1.709
2.84
2.788
3.415
2.749
1.681
2.059
2.818
2.664
2.765
2.805
2.796
2.739
2.711
2.757
2.731
5.057
2.468
1.969
1.679
2.688
2.229
2.153
2.156
2.36
1.687
2.861
2.772
3.037
2.759
1.675
2.586
2.671
4.222
2.699
2.814
2.815
2.726
2.736
2.736
2.721
4.537
4.535
1.733
2.651
2.227
2.235
2.168
2.169
1.97
1.673
2.781
2.734
3.306
1.798
1.683
2.776
2.651
3.172
2.926
2.829
2.902
2.75
2.743
2.733
2.714
9.799
5.475
1.714
1.73
2.24
2.23
2.153
2.149
1.697
4.19
2.734
4.45
2.764
1.686
1.675
2.744
2.683
3.294
2.899
2.753
2.712
2.714
2.751
2.714
2.719
4.255
3.774
1.69
1.653
2.2
2.179
2.147
3.682
1.781
2.822
2.844
2.908
2.754
1.674
1.68
3.179
2.666
2.785
2.764
2.772
2.728
2.751
2.713
2.725
6.324
4.298
3.9
1.657
1.782
2.198
2.143
2.13
2.627
1.667
2.826
2.716
3.121
2.858
1.657
2.075
2.752
2.743
2.769
2.8
2.797
2.743
2.734
2.758
2.788
5.29
2.557
1.891
1.683
2.509
2.24
2.144
2.157
2.826
1.673
2.812
2.732
2.936
2.707
1.676
2.56
2.682
4.106
2.707
2.861
2.794
2.734
2.77
2.745
2.721
3.976
0.998
0.996
0.837
1.394
4.094
3.279
1.676
1.699
2.213
2.17
2.169
3.385
1.771
2.873
2.756
2.888
2.729
1.656
1.67
3.126
2.67
3.491
2.857
2.799
2.767
2.775
2.739
2.718
5.401
3.007
3.081
1.661
2.113
2.175
2.115
2.118
2.588
1.672
2.855
2.743
3.043
2.856
1.672
1.809
2.733
6.118
2.732
2.801
2.822
2.722
2.723
2.752
2.761
3.153
2.449
1.843
1.669
2.276
2.178
2.088
2.126
2.368
1.665
2.813
2.737
6.001
2.285
1.656
2.605
2.7
3.903
2.643
2.807
2.774
2.704
2.739
2.774
2.694
6.727
3.284
1.665
1.831
2.173
2.155
2.104
2.11
1.782
1.659
2.746
2.727
3.046
1.695
1.641
2.731
2.684
2.926
2.851
2.81
2.796
2.768
2.754
2.757
2.756
9.771
5.361
1.681
1.679
2.189
2.166
2.112
2.062
1.669
3.56
2.732
3.741
2.758
1.64
1.638
2.799
2.688
3.121
2.886
2.88
2.762
2.773
2.764
2.787
2.758
3.564
3.18
1.658
1.681
2.189
2.135
2.128
3.044
1.673
2.866
2.778
2.898
2.763
1.657
1.658
3.121
2.701
2.964
2.866
2.945
2.776
2.769
2.753
2.768
5.318
2.495
2.419
1.661
3.676
2.188
2.112
2.107
2.596
1.665
2.87
2.785
3.207
2.788
1.666
1.686
2.72
4.871
2.752
2.853
2.797
2.778
2.737
2.754
2.754
2.88
4.623
1.755
4.046
2.268
2.215
2.132
2.143
2.053
1.67
2.863
2.75
4.607
2.042
1.655
2.681
2.678
3.967
2.734
2.792
3.347
2.763
2.778
2.789
2.758
7.818
1.004
0.994
0.843
0.847
5.469
1.689
1.706
2.184
2.173
2.148
2.085
1.678
3.512
2.728
3.523
2.786
1.66
1.652
2.763
2.694
3.053
2.859
2.865
2.728
2.755
2.736
2.756
2.738
3.445
3.22
1.638
1.665
2.149
2.116
2.105
2.946
1.672
2.791
2.739
2.818
2.707
1.622
1.633
3.003
2.662
2.88
2.831
2.791
2.756
2.751
2.727
2.746
4.431
1.228
3.444
2.379
1.641
3.541
2.136
2.077
2.083
2.586
1.651
2.835
2.72
3.231
2.795
1.643
1.669
2.705
4.863
2.711
2.844
2.788
2.768
2.734
2.764
2.741
3.136
5.489
1.709
3.879
2.18
2.152
2.068
2.078
2.044
1.635
2.781
2.708
4.879
2.058
1.624
2.841
2.675
3.855
2.705
2.79
3.281
2.723
2.75
2.766
2.72
3.335
3.795
1.658
1.835
2.139
2.135
2.03
2.099
1.69
2.048
2.729
2.74
2.873
1.668
1.647
2.719
2.686
2.842
3.065
2.848
2.768
2.757
2.829
2.724
2.742
5.43
0.99
0.987
4.214
4.463
1.652
1.807
2.153
2.102
2.109
2.483
1.652
2.814
2.733
3.157
3.024
1.641
1.836
2.798
2.859
2.775
2.849
2.853
2.761
2.756
2.771
2.816
4.478
2.577
1.869
1.66
2.483
2.182
2.116
2.136
2.205
1.659
2.845
2.767
3.028
2.753
1.647
2.67
2.688
4.22
2.713
2.828
2.805
2.744
2.774
2.741
2.723
3.66
4.538
1.658
2.381
2.164
2.172
2.109
2.12
1.88
1.633
2.759
2.719
3.454
1.726
1.622
2.714
2.659
3.188
2.706
2.839
2.919
2.704
2.72
2.714
2.733
9.289
5.755
1.638
1.669
2.155
2.157
2.083
2.079
1.628
4.517
2.695
4.311
2.76
1.639
1.628
2.694
2.667
3.721
3.107
2.799
2.747
2.747
2.78
2.729
2.752
4.251
3.698
1.658
1.672
2.17
2.136
2.097
4.201
1.652
2.847
2.727
2.955
2.725
1.63
1.63
3.211
2.673
2.811
2.819
2.814
2.742
2.769
2.718
2.741
6.759
4.162
3.863
1.62
1.764
2.16
2.103
2.106
2.558
1.626
2.798
2.699
3.025
2.814
1.618
1.955
2.749
2.732
2.707
2.79
2.782
2.749
2.735
2.752
2.77
4.589
2.333
1.812
1.632
2.308
2.153
2.054
2.096
2.528
1.642
2.798
2.731
2.843
2.535
1.627
2.673
2.698
3.977
2.705
2.844
2.78
2.744
2.753
2.751
2.734
3.611
1
1.003
5.176
1.671
1.675
2.171
2.154
2.095
2.085
1.648
3.215
2.745
3.332
2.766
1.643
1.645
3.411
2.686
2.846
2.901
2.827
2.789
2.764
2.756
2.778
2.761
2.534
3.736
1.645
1.655
2.17
2.098
2.08
2.659
1.66
2.801
2.797
2.83
2.74
1.628
1.632
2.938
2.689
2.979
2.866
2.875
2.762
2.766
2.78
2.767
5.806
3.97
2.125
1.634
2.985
2.159
2.072
2.07
2.589
1.629
2.84
2.738
3.115
2.786
1.648
1.664
2.704
4.278
2.725
2.835
2.798
2.767
2.8
2.752
2.753
3.213
5.722
1.69
3.091
2.177
2.16
2.106
2.099
1.963
1.652
2.745
2.715
3.603
1.858
1.659
2.899
2.679
3.39
2.723
2.852
2.946
2.746
2.772
2.777
2.779
8.744
5.985
1.667
1.693
2.175
2.169
2.098
2.08
1.69
4.893
2.754
5.116
2.822
1.661
1.655
2.748
2.707
2.815
3.02
2.831
2.775
2.769
2.818
2.765
2.78
4.524
3.765
1.656
1.676
2.168
2.133
2.128
2.133
1.671
2.933
2.752
3.035
2.766
1.657
1.655
3.606
2.729
2.887
2.876
2.884
2.819
2.847
2.8
2.819
3.406
1.745
3.449
5.755
1.687
1.719
2.17
2.131
2.132
2.557
1.675
2.83
2.782
3.331
2.774
1.656
1.655
2.939
2.699
2.939
2.892
2.904
2.781
2.788
2.81
2.793
7.012
3.559
1.981
1.644
2.713
2.185
2.113
2.15
2.321
1.652
2.869
2.817
3.003
2.768
1.656
2.688
2.717
4.447
2.754
2.845
2.791
2.761
2.753
2.754
2.73
3.974
4.983
1.694
2.41
2.202
2.206
2.11
2.092
1.954
1.656
2.759
2.742
3.669
1.862
1.64
2.901
2.701
3.441
2.721
2.843
2.917
2.762
2.778
2.782
2.81
8.86
5.571
1.679
1.78
2.187
2.173
2.118
2.11
1.685
5.382
2.764
5.113
2.837
1.681
1.65
2.771
2.735
3.087
3.037
2.844
2.794
2.796
2.837
2.771
2.779
4.687
1.004
1.006
0.847
0.846
0.848
0.848
0.848
0.852
0.857
1.338
5.311
1.701
2.77
2.181
2.182
2.112
2.114
1.966
1.666
2.798
2.753
3.517
1.828
1.665
2.861
2.718
3.261
2.778
2.854
2.888
2.756
2.77
2.753
2.784
9.388
5.102
1.668
1.728
2.169
2.175
2.108
2.115
1.662
4.322
2.738
4.286
2.784
1.653
1.657
2.736
2.703
3.12
2.916
2.907
2.753
2.767
2.784
2.807
2.781
4.68
3.726
1.644
1.695
2.201
2.158
2.135
3.721
1.718
2.856
2.845
2.923
2.77
1.656
1.647
3.201
2.708
3.028
2.905
2.829
2.762
2.763
2.757
2.783
5.812
3.839
3.479
1.662
1.959
2.169
2.096
2.107
2.642
1.651
2.838
2.746
2.992
2.859
1.651
1.929
2.751
4.439
2.772
2.836
2.86
2.791
2.757
2.761
2.772
3.944
1.028
1.002
0.847
0.847
0.851
0.832
0.837
0.843
0.844
0.845
0.836
0.842
0.846
0.833
0.845
0.838
0.844
0.844
0.846
0.84
0.852
0.843
0.845
0.844
0.835
2.44
1.875
1.677
2.391
2.21
2.128
2.143
2.598
1.677
2.824
2.784
2.918
2.607
1.667
2.448
2.699
4.04
2.722
2.866
2.811
2.762
2.775
2.766
2.73
5.418
3.273
1.666
2.053
2.163
2.169
2.107
2.107
1.78
1.645
2.752
2.744
3.128
1.718
1.644
2.757
2.709
3.023
2.947
2.85
2.842
2.787
2.784
2.77
2.786
9.779
1.003
3.062
1.94
1.658
2.807
2.218
2.129
2.149
2.28
1.67
2.898
2.797
3.082
2.774
1.65
2.601
2.72
4.202
2.729
2.829
2.864
2.77
2.778
2.772
2.762
4.25
4.584
1.679
2.566
2.163
2.172
2.102
2.102
1.938
1.646
2.789
2.722
3.413
1.782
1.644
2.811
2.706
3.28
2.759
2.841
2.869
2.747
2.772
2.767
2.789
9.052
1.01
1.004
0.847
1.296
2.513
1.84
1.655
2.306
2.145
2.081
2.093
2.656
1.656
2.83
2.75
2.921
2.456
1.651
2.521
2.734
3.896
2.737
2.869
2.795
2.777
2.799
2.802
2.774
5.469
1.025
1.023
3.504
3.356
1.645
1.96
2.148
2.099
2.096
2.624
1.672
2.881
2.79
3.204
2.841
1.651
1.954
2.773
4.954
2.794
2.834
2.869
2.794
2.772
2.789
2.78
3.694
2.352
1.784
1.645
2.31
2.162
2.093
2.076
2.678
1.655
2.839
2.787
2.93
2.528
1.647
2.639
2.741
3.987
2.76
2.897
2.852
2.796
2.809
2.807
2.792
5.657
3.22
1.678
2.086
2.145
2.154
2.108
2.085
1.815
1.666
2.791
2.801
3.138
1.732
1.655
2.806
2.766
3.07
3.016
2.877
2.86
2.846
2.814
2.804
2.831
9.711
1.054
1.061
1.057
4.381
5.745
1.902
1.818
2.381
2.331
2.315
2.807
1.86
3.014
2.902
3.86
2.939
1.85
2.135
2.913
2.784
2.981
2.905
2.876
2.829
2.812
2.835
2.821
5.429
2.573
2.082
1.835
2.737
2.352
2.286
2.276
2.467
1.826
3.013
2.884
3.131
2.935
1.816
2.452
2.784
4.357
2.857
2.9
2.908
2.823
2.836
2.814
2.831
4.719
4.026
1.849
2.425
2.335
2.31
2.259
2.242
2.043
1.821
2.903
2.902
3.479
1.944
1.802
2.987
2.772
3.341
3.051
2.905
2.967
2.796
2.831
2.823
2.835
9.763
5.059
1.828
1.754
2.285
2.282
2.228
2.21
1.817
4.071
2.881
4.108
2.962
1.82
1.808
2.901
2.792
3.199
2.994
2.875
2.814
2.836
2.83
2.822
2.847
4.855
3.597
1.809
1.771
2.285
2.264
2.245
3.614
1.848
2.993
3.014
3.059
2.918
1.786
1.786
3.216
2.776
3.624
2.973
2.888
2.842
2.845
2.834
2.85
5.473
2.804
3.07
1.794
2.204
2.301
2.233
2.232
2.72
1.81
3.003
2.894
3.343
2.963
1.785
1.954
2.822
5.451
2.844
2.863
2.887
2.856
2.822
2.85
2.844
3.119
1.049
1.047
0.886
0.889
0.887
0.877
0.88
0.883
0.881
0.875
0.882
0.884
0.882
0.875
1.356
3.233
2.211
1.846
3.193
2.347
2.276
2.272
2.561
1.832
3.079
2.914
3.071
2.941
1.831
2.845
2.805
4.668
2.883
2.938
2.909
2.893
2.915
2.887
2.884
3.74
5.013
1.865
2.567
2.308
2.28
2.216
2.221
2.198
1.843
2.93
2.917
3.633
1.971
1.84
2.964
2.811
3.5
2.962
2.921
3.011
2.847
2.875
2.867
2.875
9.298
6.152
1.848
1.845
2.349
2.305
2.254
2.246
1.879
4.489
2.951
4.729
3.011
1.861
1.826
2.949
2.834
3.391
3.054
2.947
2.91
2.914
2.919
2.885
2.848
4.31
3.713
1.796
1.791
2.309
2.264
2.254
3.791
1.879
3.025
2.97
3.108
2.914
1.8
1.798
3.422
2.769
3.503
2.975
2.877
2.838
2.853
2.838
2.849
6.101
3.09
2.946
1.799
3.283
2.306
2.234
2.244
2.75
1.798
3.003
2.861
3.364
2.93
1.784
1.94
2.799
5.786
2.836
2.852
2.884
2.866
2.809
2.836
2.799
3.616
2.498
1.875
2.59
2.412
2.263
2.173
2.198
2.277
1.763
2.904
2.829
6.128
2.334
1.749
2.76
2.761
3.818
2.812
2.898
2.872
2.811
2.832
2.867
2.826
6.302
3.579
1.805
1.888
2.269
2.279
2.21
2.191
1.846
1.754
2.877
2.845
3.105
1.787
1.738
2.835
2.757
3.047
2.985
2.877
2.829
2.836
2.812
2.816
2.828
7.112
5.767
1.756
1.761
2.231
2.208
2.177
2.163
1.771
3.258
2.857
3.391
2.901
1.762
1.76
3.351
2.736
3.021
2.914
2.881
2.826
2.81
2.806
2.796
2.834
3.697
4.904
1.746
1.721
2.223
2.143
2.131
2.582
1.691
2.785
2.759
2.755
2.763
1.7
1.723
2.85
2.677
2.921
2.847
2.82
2.783
2.768
2.801
2.786
6.326
3.103
2.1
1.735
2.8
2.233
2.14
2.164
2.473
1.732
2.916
2.824
2.987
2.812
1.721
2.755
2.71
4.404
2.749
2.819
2.785
2.756
2.773
2.75
2.742
4.248
4.58
1.766
2.303
2.222
2.22
2.153
2.166
2.052
1.737
2.807
2.807
3.388
1.842
1.73
2.865
2.723
3.258
2.788
2.841
2.941
2.764
2.792
2.777
2.791
7.787
4.685
1.765
1.772
2.235
2.216
2.126
2.141
1.738
3.832
2.804
4.047
2.831
1.714
1.712
2.785
2.699
3.077
2.858
2.879
2.731
2.745
2.759
2.772
2.742
4.205
1.002
1.004
0.854
0.842
1.902
5.565
1.77
1.72
2.201
2.197
2.157
2.139
1.745
3.362
2.78
3.534
2.83
1.722
1.711
2.781
2.697
3.23
2.944
2.839
2.769
2.786
2.769
2.769
2.744
3.43
3.125
1.704
1.704
2.147
2.115
2.094
2.954
1.727
2.867
2.798
2.958
2.775
1.689
1.693
3.022
2.659
3.249
2.796
2.768
2.761
2.747
2.726
2.74
4.452
2.395
2.436
1.687
3.414
2.187
2.1
2.12
2.557
1.708
2.911
2.761
3.06
2.782
1.676
1.736
2.72
5.221
2.734
2.835
2.791
2.754
2.733
2.742
2.745
3.214
5.286
1.746
3.532
2.215
2.165
2.096
2.12
2.115
1.672
2.809
2.723
5.169
2.209
1.67
2.599
2.655
3.855
2.701
2.752
2.907
2.714
2.727
2.738
2.716
7.765
3.872
1.687
1.826
2.169
2.176
2.082
2.081
1.734
2.015
2.743
2.729
2.88
1.708
1.668
2.725
2.685
2.891
2.885
2.852
2.794
2.78
2.748
2.731
2.73
7.156
5.487
1.676
1.682
2.143
2.129
2.084
2.083
1.687
3.122
2.738
3.322
2.759
1.659
1.652
3.439
2.661
2.852
2.826
2.797
2.75
2.729
2.734
2.746
2.737
4.037
3.586
1.681
1.653
2.158
2.102
2.103
2.624
1.691
2.802
2.773
2.84
2.774
1.672
1.679
2.875
2.678
2.782
2.802
2.791
2.752
2.732
2.757
2.745
6.836
3.364
2.018
1.679
2.875
2.172
2.088
2.068
2.423
1.676
2.836
2.73
2.908
2.751
1.653
2.51
2.667
4.343
2.832
2.913
2.917
2.844
2.876
2.84
2.819
3.258
4.327
1.747
2.393
2.199
2.172
2.118
2.11
2.04
1.735
2.924
2.87
3.578
1.872
1.716
2.913
2.809
3.293
2.827
2.911
2.952
2.829
2.852
2.854
2.846
8.895
5.14
1.749
1.765
2.203
2.179
2.123
2.133
1.741
4.289
2.849
4.201
2.897
1.729
1.723
2.844
2.781
3.32
2.957
2.996
2.843
2.863
2.883
2.89
2.862
4.376
3.458
1.722
1.732
2.212
2.139
2.125
3.838
1.767
2.948
2.915
2.958
2.851
1.7
1.707
3.223
2.781
3.037
2.936
2.877
2.857
2.823
2.83
2.845
4.836
2.606
2.62
1.712
3.527
2.182
2.125
2.126
2.643
1.723
2.942
2.855
3.41
2.936
1.708
1.718
2.804
5.123
2.818
2.937
2.873
2.846
2.819
2.83
2.833
2.884
5.653
1.753
4.36
2.211
2.142
2.061
2.084
2.076
1.689
2.888
2.786
4.987
2.059
1.671
2.753
2.767
3.865
2.771
2.852
3.173
2.8
2.809
2.822
2.796
8.077
4.55
1.685
1.757
2.139
2.156
2.075
2.096
1.726
2.507
2.787
2.9
2.902
1.704
1.667
2.77
2.739
2.863
3.043
2.844
2.817
2.797
2.847
2.774
2.801
4.698
3.709
1.699
1.695
2.122
2.092
2.078
2.092
1.678
3.02
2.813
3.134
2.831
1.675
1.674
3.125
2.731
2.824
2.849
2.857
2.804
2.784
2.752
2.773
2.76
4.422
4.281
1.65
1.981
2.134
2.064
2.084
2.485
1.651
2.837
2.769
3.135
2.812
1.652
1.929
2.817
2.826
2.807
2.837
2.856
2.779
2.768
2.795
2.818
4.656
2.272
1.787
1.634
2.339
2.115
2.043
2.038
2.383
1.66
2.846
2.821
4.511
2.449
1.659
2.727
2.773
3.969
2.786
2.887
2.823
2.807
2.817
2.808
2.79
6.106
3.166
1.695
1.989
2.146
2.142
2.064
2.052
1.761
1.665
2.799
2.8
3.037
1.724
1.668
2.826
2.763
2.991
2.907
2.882
2.872
2.83
2.82
2.803
2.826
9.342
1.037
1.035
0.876
0.865
0.883
0.875
1.736
4.198
1.684
1.72
2.17
2.143
2.088
2.289
1.708
3.126
2.834
3.157
2.824
1.685
1.691
3.204
2.785
2.978
2.934
2.882
2.847
2.842
2.837
2.841
2.845
3.621
5.317
1.688
1.69
2.151
2.101
2.092
2.448
1.699
2.868
2.883
3.68
2.819
1.658
2.012
2.961
2.751
2.869
2.901
2.892
2.821
2.828
2.834
2.83
7.274
3.454
1.977
1.673
2.717
2.145
2.078
2.068
2.369
1.68
2.907
2.857
3.004
2.81
1.671
2.604
2.798
4.419
2.804
2.899
2.881
2.808
2.84
2.841
2.836
3.824
4.833
1.717
2.469
2.14
2.139
2.083
2.109
2.013
1.708
2.859
2.821
3.673
1.827
1.684
2.885
2.798
3.335
2.824
2.955
3.036
2.85
2.863
2.853
2.871
9.042
5.829
1.666
1.751
2.134
2.148
2.079
2.076
1.673
4.789
2.823
4.633
2.878
1.687
1.692
2.831
2.774
3.474
3.015
2.879
2.855
2.853
2.866
2.837
2.884
3.411
3.686
1.691
1.715
2.163
2.124
2.09
3.742
1.77
2.934
2.929
3.01
2.84
1.682
1.686
3.262
2.804
3.467
2.99
2.896
2.874
2.866
2.85
2.858
5.904
3.319
3.049
1.672
1.991
2.15
2.078
2.108
2.501
1.7
2.931
2.849
3.236
2.866
1.67
1.891
2.87
6.251
2.846
2.878
2.921
2.85
2.823
2.851
2.852
3.09
2.547
1.811
2.082
2.229
2.106
2.024
2.056
2.333
1.639
2.815
2.769
5.768
2.482
1.64
2.617
2.737
3.718
2.765
2.865
2.856
2.774
2.798
2.824
2.776
6.905
3.755
1.646
1.863
2.105
2.089
2.036
2.027
1.699
1.707
2.752
2.743
2.891
1.667
1.634
2.755
2.725
2.855
3.078
2.841
2.803
2.801
2.774
2.66
2.68
6.033
4.579
1.588
1.604
2.068
2.048
1.998
2.071
1.599
2.973
2.669
3.02
2.683
1.584
1.591
2.999
2.669
2.802
2.806
2.794
2.74
2.725
2.7
2.727
2.713
4.941
4.861
1.621
1.62
2.099
2.039
2.043
2.538
1.64
2.782
2.735
3.318
2.744
1.608
1.8
2.772
2.822
2.735
2.808
2.814
2.741
2.73
2.744
2.754
4.407
2.662
1.791
1.609
2.344
2.087
2.016
2.02
2.109
1.625
2.793
2.744
2.918
2.736
1.62
2.681
2.695
3.88
2.681
2.797
2.795
2.73
2.743
2.734
2.739
4.064
3.401
1.649
1.992
2.083
2.076
2.015
2.033
1.778
1.614
2.743
2.732
3.099
1.703
1.627
2.766
2.702
2.993
2.942
2.84
2.853
2.754
2.758
2.729
2.75
9.622
5.329
1.664
1.652
2.118
2.09
2.047
2.04
1.632
3.508
2.736
3.562
2.746
1.618
1.633
2.782
2.716
2.935
2.869
2.848
2.746
2.75
2.755
2.784
2.78
4.071
1.022
1.024
0.865
0.873
2.265
5.757
1.677
1.707
2.136
2.141
2.046
2.075
1.69
4.417
2.788
2.808
2.843
1.664
1.655
2.772
2.74
2.795
3.098
2.837
2.795
2.778
2.797
2.763
2.767
3.172
3.696
1.639
1.661
2.141
2.115
2.079
2.004
1.649
2.921
2.76
2.942
2.737
1.615
1.626
3.217
2.697
2.792
2.815
2.817
2.77
2.811
2.751
2.76
2.966
5.044
4.988
1.631
1.661
2.139
2.081
2.088
2.607
1.656
2.829
2.768
3.446
2.739
1.631
1.832
2.774
2.744
2.775
2.831
2.818
2.759
2.742
2.747
2.77
4.737
2.859
1.843
1.632
2.346
2.123
1.995
2.023
2.147
1.595
2.783
2.76
2.959
2.737
1.624
2.692
2.724
3.887
2.735
2.848
2.789
2.768
2.782
2.767
2.743
4.531
3.953
1.649
2.186
2.116
2.127
2.069
2.067
1.848
1.645
2.793
2.798
3.319
1.712
1.636
2.745
2.711
3.181
2.763
2.858
2.887
2.784
2.805
2.78
2.811
8.859
4.994
1.66
1.717
2.112
2.128
2.051
2.034
1.663
4.038
2.777
4.2
2.812
1.653
1.641
2.767
2.742
3.576
3.05
2.815
2.766
2.782
2.785
2.755
2.774
4.916
3.637
1.641
1.679
2.12
2.072
2.069
3.572
1.728
2.878
2.789
2.973
2.787
1.646
1.647
3.24
2.741
3.576
2.879
2.854
2.802
2.819
2.79
2.79
6.521
3.914
3.818
1.629
1.761
2.137
2.078
2.071
2.522
1.67
2.885
2.813
3.418
2.999
1.652
1.805
2.819
3.448
2.795
2.835
2.864
2.785
2.781
2.791
2.809
4.113
2.444
1.81
1.632
2.269
2.088
2
2.012
2.573
1.638
2.828
2.763
4.044
2.439
1.65
2.584
2.754
3.974
2.763
2.853
2.859
2.813
2.796
2.805
2.792
6.536
3.28
1.669
1.978
2.117
2.112
2.059
2.059
1.752
1.674
2.825
2.828
3.045
1.723
1.664
2.827
2.774
2.974
2.983
2.877
2.841
2.826
2.808
2.8
2.801
8.754
5.847
1.672
1.668
2.115
2.101
2.049
2.05
1.654
3.344
2.798
3.396
2.809
1.653
1.656
2.802
2.769
3.005
2.945
2.869
2.853
2.823
2.826
2.834
2.837
2.724
2.951
1.67
1.688
2.183
2.101
2.093
2.615
1.686
2.865
2.831
2.894
2.801
1.654
1.656
2.997
2.759
3.01
2.904
2.895
2.842
2.838
2.868
2.84
7.174
3.305
2.072
1.664
2.816
2.142
2.089
2.082
2.367
1.669
2.923
2.863
3.118
2.843
1.66
2.256
2.785
4.356
2.81
2.889
2.859
2.823
2.845
2.835
2.834
3.457
5.272
1.708
2.625
2.171
2.141
2.082
2.091
1.965
1.68
2.817
2.814
3.713
1.877
1.665
2.952
2.788
3.424
2.789
2.925
2.991
2.81
2.823
2.822
2.824
8.437
5.984
1.67
1.69
2.168
2.152
2.104
2.098
1.694
4.667
2.815
4.287
2.855
1.667
1.669
2.798
2.767
3.769
3.046
2.83
2.802
2.798
2.806
2.783
2.794
4.121
3.594
1.664
1.684
2.132
2.107
2.087
3.653
1.72
2.899
2.88
2.945
2.811
1.658
1.653
3.147
2.758
3.537
2.928
2.846
2.793
2.824
2.801
2.8
5.234
1.324
1.041
0.906
0.873
0.876
1.339
3.147
2.249
1.673
3.499
2.146
2.072
2.05
2.521
1.674
2.925
2.807
3.134
2.84
1.684
1.727
2.794
4.904
2.802
2.917
2.855
2.849
2.807
2.819
2.812
3.107
5.46
1.712
3.782
2.175
2.157
2.089
2.087
1.966
1.689
2.895
2.814
4.082
1.942
1.664
2.825
2.804
3.768
2.817
2.871
3.242
2.831
2.84
2.865
2.819
8.225
5.003
1.673
1.776
2.16
2.128
2.081
2.081
1.707
3.427
2.822
2.901
2.917
1.693
1.668
2.826
2.784
2.876
3.256
2.869
2.822
2.826
2.897
2.826
2.838
3.41
4.066
1.683
1.725
2.138
2.114
2.077
1.977
1.687
2.983
2.834
3.053
2.831
1.663
1.673
3.525
2.811
2.844
2.861
2.876
2.82
2.83
2.802
2.818
5.629
4.311
4.464
1.654
1.778
2.148
2.053
2.064
2.44
1.661
2.846
2.784
3.483
3.037
1.648
1.812
2.809
2.782
2.835
2.848
2.853
2.795
2.796
2.812
2.817
3.875
1.433
1.074
1.063
4.383
5.234
1.916
1.873
2.403
2.377
2.313
2.292
1.895
2.779
2.923
3.008
3.067
1.872
1.833
2.931
2.782
3.02
3.098
2.886
2.833
2.828
2.906
2.824
2.836
5.714
3.991
1.848
1.804
2.31
2.3
2.249
2.298
1.825
3.21
2.893
3.265
2.914
1.8
1.805
3.217
2.769
2.998
2.888
2.877
2.815
2.79
2.775
2.804
2.843
3.397
4.468
1.814
1.748
2.302
2.234
2.224
2.716
1.82
2.955
2.896
2.918
2.897
1.787
1.788
2.916
2.742
2.893
2.889
2.867
2.818
2.799
2.814
2.809
6.185
2.822
2.153
1.807
2.801
2.292
2.207
2.229
2.43
1.818
3.063
2.926
3.123
2.936
1.817
2.69
2.792
4.447
2.877
2.935
2.891
2.864
2.886
2.87
2.854
3.031
5.357
1.869
2.714
2.317
2.305
2.241
2.217
2.171
1.805
2.879
2.857
3.745
1.977
1.806
3.042
2.777
3.555
2.851
2.976
3.1
2.843
2.857
2.857
2.876
8.774
6.044
1.866
1.827
2.328
2.305
2.244
2.251
1.849
5.399
2.918
3.058
3.019
1.823
1.818
2.904
2.793
3.028
3.226
2.882
2.85
2.859
2.912
2.845
2.84
4.777
4.066
1.832
1.771
2.324
2.288
2.235
2.163
1.823
3.126
2.908
3.234
2.943
1.803
1.802
3.421
2.787
3.04
2.913
2.914
2.871
2.906
2.846
2.857
6.739
3.805
3.59
1.816
2.046
2.281
2.217
2.221
2.679
1.805
3.021
2.885
3.46
3.047
1.804
1.921
2.85
5.099
2.93
2.889
2.921
2.867
2.834
2.85
2.853
3.73
2.588
1.949
1.826
2.444
2.305
2.212
2.21
2.455
1.805
2.974
2.875
5.383
2.555
1.778
2.797
2.806
3.981
2.862
2.918
2.893
2.845
2.865
2.91
2.865
6.11
1.053
1.052
0.893
0.892
0.893
2.139
5.287
1.83
1.82
2.287
2.284
2.225
2.213
1.827
4.532
2.931
4.182
2.979
1.813
1.799
2.933
2.838
3.286
3.056
3.027
2.891
2.893
2.892
2.917
2.899
4.906
3.868
1.805
1.804
2.293
2.267
2.229
3.755
1.902
3.009
3.012
3.115
2.94
1.777
1.773
3.299
2.815
3.836
3.013
2.913
2.867
2.881
2.846
2.874
6.002
3.353
3.577
1.779
2.284
2.248
2.182
2.189
2.642
1.778
3.022
2.883
3.128
2.955
1.76
1.979
2.871
6.317
2.911
2.922
2.952
2.899
2.877
2.892
2.891
3.551
2.498
1.925
1.799
2.389
2.237
2.173
2.187
2.405
1.778
2.978
2.9
4.401
2.543
1.763
2.835
2.834
4.115
2.895
2.954
2.869
2.876
2.893
2.887
2.868
4.653
3.329
1.818
2.057
2.263
2.252
2.19
2.192
1.891
1.783
2.923
2.908
3.234
1.846
1.773
2.947
2.847
3.168
3.058
2.97
2.95
2.909
2.908
2.88
2.907
9.484
1.064
1.07
0.912
0.906
0.909
0.904
0.911
0.909
0.91
0.908
0.908
0.908
0.908
0.905
0.907
0.904
0.908
0.904
0.9
1.01
0.826
0.779
0.779
0.778
0.778
0.779
0.78
0.78
0.78
0.779
0.781
0.782
0.782
0.785
0.782
0.782
0.782
0.784
0.782
0.78
0.783
0.782
0.783
0.782
0.781
0.783
0.781
0.782
0.784
0.782
0.784
0.784
0.783
0.784
0.783
0.783
0.783
0.782
0.782
0.783
0.782
0.784
0.786
0.787
0.789
0.788
0.788
0.789
0.789
0.789
0.79
0.79
0.791
0.792
0.791
0.79
0.791
0.79
0.79
0.791
0.792
0.791
0.791
0.791
0.792
0.793
0.795
0.796
0.794
0.796
0.794
0.796
0.797
0.796
0.794
0.793
0.794
0.798
0.796
0.796
0.797
0.796
0.797
0.798
0.796
0.791
0.796
0.796
0.797
0.795
0.794
0.793
0.791
0.792
0.792
0.793
0.794
0.795
0.794
0.792
0.793
0.792
0.794
0.796
0.794
0.795
0.795
0.795
0.794
0.795
0.795
0.798
0.797
0.797
0.8
0.799
0.798
0.799
0.799
0.799
0.799
0.798
0.799
0.799
0.798
0.796
0.796
0.796
0.796
0.796
0.796
0.795
0.798
0.796
0.797
0.796
0.797
0.799
0.798
0.798
0.795
0.794
0.798
0.799
0.799
0.799
0.766
0.764
0.763
0.762
0.762
0.762
0.762
0.761
0.762
0.761
0.762
0.76
0.759
0.76
0.762
0.763
0.763
0.761
0.761
0.761
0.76
0.759
0.76
0.76
0.76
0.759
0.762
0.758
0.762
0.762
0.761
0.763
0.764
0.763
0.764
0.762
0.764
0.763
0.764
0.764
0.763
0.763
0.763
0.762
0.76
0.762
0.764
0.764
0.762
0.764
0.764
0.765
0.763
0.763
0.764
0.765
0.764
0.767
0.765
0.764
0.764
0.763
0.76
0.758
0.757
0.762
0.759
0.758
0.76
0.76
0.76
0.761
0.762
0.762
0.763
0.761
0.762
0.763
0.762
0.761
0.764
0.766
0.763
0.765
0.765
0.763
0.764
0.763
0.764
0.764
0.764
0.764
0.765
0.765
0.765
0.763
0.763
0.763
0.763
0.764
0.764
0.765
0.764
0.764
0.765
0.764
0.764
0.764
0.765
0.765
0.763
0.763
0.765
0.763
0.763
0.764
0.762
0.763
0.761
0.759
0.762
0.762
0.762
0.761
0.764
0.764
0.762
0.764
0.765
0.764
0.764
0.763
0.764
0.763
0.76
0.762
0.762
0.759
0.762
0.762
0.759
0.762
0.761
0.759
0.762
0.761
0.761
0.76
0.763
0.763
0.764
0.763
0.766
0.765
0.765
0.764
0.763
0.765
0.765
0.763
0.765
0.764
0.766
0.767
0.765
0.764
0.765
0.766
0.766
0.766
0.765
0.764
0.763
0.764
0.763
0.763
0.765
0.764
0.765
0.762
0.764
0.761
0.761
0.764
0.764
0.764
0.764
0.766
0.765
0.766
0.766
0.766
0.766
0.767
0.766
0.767
0.766
0.769
0.766
0.769
0.768
0.771
0.77
0.769
0.769
0.768
0.767
0.769
0.768
0.767
0.766
0.768
0.768
0.767
0.768
0.767
0.769
0.766
0.766
0.766
0.769
0.77
0.769
0.769
0.77
0.769
0.768
0.77
0.768
0.77
0.771
0.771
0.771
0.769
0.772
0.77
0.772
0.771
0.77
0.768
0.769
0.771
0.77
0.769
0.771
0.771
0.771
0.767
0.769
0.766
0.767
0.768
0.765
0.766
0.765
0.766
0.767
0.765
0.766
0.765
0.768
0.768
0.768
0.769
0.767
0.768
0.768
0.769
0.768
0.771
0.77
0.77
0.768
0.768
0.767
0.767
0.768
0.768
0.768
0.767
0.768
0.767
0.767
0.766
0.767
0.767
0.768
0.767
0.769
0.769
0.771
0.77
0.768
0.769
0.769
0.769
0.77
0.769
0.767
0.766
0.768
0.769
0.767
0.768
0.768
0.767
0.767
0.767
0.769
0.768
0.768
0.769
0.771
0.77
0.77
0.769
0.769
0.769
0.765
0.767
0.764
0.767
0.768
0.769
0.767
0.767
0.769
0.769
0.768
0.768
0.771
0.769
0.772
0.771
0.77
0.768
0.771
0.77
0.772
0.77
0.769
0.771
0.772
0.772
0.771
0.772
0.765
0.764
0.763
0.76
0.759
0.761
0.759
0.76
0.759
0.76
0.758
0.759
0.757
0.759
0.758
0.757
0.756
0.754
0.756
0.757
0.757
0.754
0.755
0.754
0.754
0.753
0.754
0.755
0.753
0.753
0.754
0.755
0.754
0.756
0.755
0.755
0.757
0.755
0.758
0.756
0.756
0.755
0.759
0.759
0.758
0.757
0.757
0.758
0.759
0.756
0.757
0.757
0.758
0.755
0.754
0.756
0.756
0.755
0.757
0.751
0.751
0.75
0.753
0.75
0.751
0.751
0.75
0.751
0.749
0.751
0.751
0.752
0.754
0.753
0.751
0.753
0.757
0.756
0.755
0.754
0.756
0.755
0.757
0.757
0.755
0.757
0.756
0.758
0.757
0.757
0.758
0.758
0.756
0.756
0.756
0.757
0.757
0.758
0.757
0.758
0.757
0.76
0.756
0.759
0.758
0.756
0.758
0.757
0.759
0.758
0.757
0.757
0.758
0.756
0.757
0.757
0.757
0.757
0.757
0.756
0.756
0.757
0.755
0.755
0.759
0.758
0.758
0.761
0.76
0.759
0.757
0.754
0.754
0.752
0.751
0.753
0.752
0.752
0.754
0.748
0.751
0.752
0.751
0.752
0.751
0.75
0.753
0.751
0.782
0.785
0.784
0.787
0.788
0.788
0.788
0.787
0.787
0.787
0.787
0.788
0.787
0.787
0.788
0.787
0.787
0.791
0.79
0.787
0.785
0.783
0.786
0.786
0.79
0.787
0.789
0.789
0.789
0.789
0.787
0.789
0.788
0.787
0.787
0.787
0.786
0.787
0.784
0.788
0.787
0.785
0.786
0.786
0.786
0.784
0.784
0.786
0.788
0.786
0.787
0.788
0.789
0.788
0.787
0.785
0.787
0.786
0.787
0.784
0.783
0.782
0.78
0.784
0.785
0.784
0.784
0.785
0.783
0.783
0.783
0.782
0.782
0.782
0.782
0.779
0.781
0.782
0.78
0.783
0.783
0.783
0.784
0.78
0.783
0.78
0.781
0.781
0.783
0.782
0.784
0.784
0.786
0.783
0.781
0.783
0.785
0.784
0.783
0.781
0.782
0.78
0.782
0.779
0.781
0.779
0.78
0.779
0.781
0.779
0.782
0.78
0.781
0.78
0.78
0.781
0.781
0.783
0.782
0.781
0.784
0.778
0.778
0.781
0.779
0.78
0.782
0.782
0.782
0.781
0.782
0.781
0.783
0.78
0.78
0.781
0.78
0.782
0.781
0.782
0.784
0.786
0.783
0.783
0.781
0.78
0.778
0.781
0.781
0.782
0.782
0.781
0.782
0.781
0.781
0.78
0.78
0.78
0.782
0.782
0.781
0.782
0.781
0.78
0.78
0.78
0.782
0.782
0.781
0.78
0.778
0.776
0.777
0.777
0.778
0.776
0.779
0.78
0.779
0.777
0.779
0.778
0.777
0.776
0.776
0.776
0.777
0.777
0.777
0.777
0.777
0.778
