   0.85967095
   0.85967095
   0.85948609
   0.85948609
   0.85939805
   0.85939805
   0.85831939
   0.85831939
   0.85674307
   0.85028543
   0.85028543
   0.84662615
   0.84621459
   0.84533874
   0.84339126
   0.84338415
   0.84119839
   0.83965765
   0.83740814
   0.83523083
   0.83520194
   0.83518935
   0.83515411
   0.83437800
   0.83379675
   0.83334268
   0.83185689
   0.83171725
   0.83169310
   0.83031847
   0.82992384
   0.82940421
   0.82940421
   0.82716860
   0.82512330
   0.82512330
   0.82491881
   0.82361970
   0.82311920
   0.82231879
   0.82008731
   0.82005893
   0.81980378
   0.81955949
   0.81622673
   0.81529061
   0.81529061
   0.81510645
   0.81332031
   0.81330444
   0.81328129
   0.81320619
   0.81276684
   0.81153409
   0.81152589
   0.81119572
   0.81107118
   0.81064779
   0.81004438
   0.80919303
   0.80918961
   0.80851969
   0.80821501
   0.80821501
   0.80610663
   0.80526297
   0.80503826
   0.80500887
   0.80328629
   0.80221765
   0.80027635
   0.79921735
   0.79864048
   0.79829313
   0.79716745
   0.79681355
   0.79652419
   0.79652419
   0.79602611
   0.79558593
   0.79415779
   0.79302489
   0.78529031
   0.78529031
   0.78505284
   0.78114851
   0.78093494
   0.78085665
   0.77962280
   0.77832996
   0.77803502
   0.77794394
   0.77748933
   0.77606271
   0.77501033
   0.77433832
   0.77165708
   0.77153588
   0.77122625
   0.77104790
   0.00010001
   0.00010001
   0.08866391
   0.00010001
   0.00010001
   0.00010001
   0.00010001
   0.00010001
   0.13940387
   0.08553111
   0.00010001
   0.00010001
   0.00010001
   0.00010001
   0.00010001
   0.00010001
   0.00010001
   0.12498581
   0.00010001
   0.00010001
   0.00010001
   0.00010001
   0.00010001
   0.21315807
   0.00010001
   0.00010001
   0.00010001
   0.14255824
   0.10594767
   0.00010001
   0.00010001
   0.00010001
   0.00010001
   0.00010001
   0.00010001
   0.00010001
   0.00010001
   0.00010001
   0.00010001
   0.25336171
   0.00010001
   0.00010001
   0.00010001
   0.00010001
   0.00010001
   0.00010001
   0.00010001
   0.00010001
   0.00010001
   0.00010001
   0.46971517
   0.12073079
   0.15167094
   0.15167094
   0.00010001
   0.00010001
   0.00010001
   0.00010001
   0.00010001
   0.00010001
   0.00010001
   0.00010001
   0.32895529
   0.32895529
   0.14575682
   0.04910105
   0.00010001
   0.00010001
   0.00010001
   0.00010001
   0.00010001
   0.00010001
   0.00010001
   0.00010001
   0.00010001
   0.07239513
   0.00010001
   0.00010001
   0.00010001
   0.00010001
   0.00010001
   0.00010001
   0.13582700
   0.00010001
   0.21151951
   0.00010001
   0.00010001
   0.00010001
   0.00010001
   0.09743802
   0.00010001
   0.00010001
   0.32479285
   0.00010001
   0.00010001
   0.20976438
   0.00010001
   0.49925928
   0.00010001
   0.00010001
