   0.68232518
   0.68232518
   0.68207841
   0.68207841
   0.68163620
   0.68163620
   0.68122050
   0.68122050
   0.68113800
   0.67812598
   0.67812598
   0.67639483
   0.67633650
   0.67626274
   0.67611415
   0.67582459
   0.67582459
   0.67576937
   0.67576937
   0.67565125
   0.67461926
   0.67392189
   0.67392189
   0.67357633
   0.67355429
   0.67342624
   0.67341896
   0.67341896
   0.67291505
   0.67263397
   0.67255393
   0.67233976
   0.67195519
   0.67132311
   0.67132311
   0.67055989
   0.67051465
   0.67017567
   0.66899471
   0.66865157
   0.66837703
   0.66468172
   0.66468172
   0.66440687
   0.66440687
   0.66416928
   0.66416928
   0.66416751
   0.66416751
   0.66362650
   0.66355058
   0.66351603
   0.66280391
   0.66257453
   0.66246070
   0.66182823
   0.66181667
   0.66174488
   0.66174117
   0.66162631
   0.66103528
   0.66103528
   0.66058979
   0.66030837
   0.66030837
   0.65991136
   0.65734649
   0.65656256
   0.65656256
   0.65547382
   0.65543937
   0.65522368
   0.65499479
   0.65494146
   0.65287959
   0.65143993
   0.65116719
   0.65095120
   0.65039940
   0.64963591
   0.64868565
   0.64845052
   0.64821149
   0.64793422
   0.64773271
   0.64697966
   0.64691108
   0.64671189
   0.64653597
   0.64585417
   0.64563431
   0.64557949
   0.64535795
   0.64443187
   0.64383748
   0.64353729
   0.64120987
   0.63998620
   0.63966744
   0.63966744
   0.00010001
   0.00010001
   0.00010001
   0.00010001
   0.00010001
   0.00010001
   0.00010001
   0.00010001
   0.00010001
   0.00010001
   0.00010001
   0.00010001
   0.00010001
   0.00010001
   0.13227222
   0.13227222
   0.00010001
   0.00010001
   0.00010001
   0.00010001
   0.00010001
   0.00010001
   0.00010001
   0.00010001
   0.00010001
   0.00010001
   0.00010001
   0.00010001
   0.00010001
   0.00010001
   0.00010001
   0.00010001
   0.00010001
   0.00010001
   0.00010001
   0.00010001
   0.00010001
   0.00010001
   0.00010001
   0.00010001
   0.47465053
   0.00010001
   0.00010001
   0.00010001
   0.00010001
   0.00010001
   0.00010001
   0.00010001
   0.00010001
   0.00010001
   0.00010001
   0.00010001
   0.00010001
   0.66269239
   0.66269239
   0.00010001
   0.26120564
   0.26120564
   0.26120564
   0.34418519
   0.00010001
   0.00010001
   0.00010001
   0.00010001
   0.00010001
   0.00010001
   0.00010001
   0.00010001
   0.00010001
   0.00010001
   0.00010001
   0.11079221
   0.11079221
   0.00010001
   0.00010001
   0.00010001
   0.00010001
   0.00010001
   0.00010001
   0.00010001
   0.00010001
   0.00010001
   0.00010001
   0.00010001
   0.00010001
   0.00010001
   0.00010001
   0.00010001
   0.00010001
   0.00010001
   0.00010001
   0.00010001
   0.12924732
   0.00010001
   0.00010001
   0.00010001
   0.00010001
   0.00010001
   0.00010001
   0.00010001
